partiesfile version 1
245 245
 1 0 0 p_main_party Main_Party 1048576 0 0 15 0 0 0 0 0 17.000000 52.500000 17.000000 52.500000 17.000000 52.500000 0.0 1 0 1 0 0 
0.000000
 1 1 1 p_temp_party {!}temp_party 256 0 0 1 0 0 0 0 0 0.000000 0.000000 0.000000 0.000000 0.000000 0.000000 0.0 0 
0.000000
 1 2 2 p_camp_bandits {!}camp_bandits 256 0 0 2 0 0 0 0 0 1.000000 1.000000 1.000000 1.000000 1.000000 1.000000 0.0 1 3 3 0 0 
0.000000
 1 3 3 p_temp_party_2 {!}temp_party_2 256 0 0 1 0 0 0 0 0 0.000000 0.000000 0.000000 0.000000 0.000000 0.000000 0.0 0 
0.000000
 1 4 4 p_temp_casualties {!}casualties 256 0 0 3 0 0 0 0 0 1.000000 1.000000 1.000000 1.000000 1.000000 1.000000 0.0 0 
0.000000
 1 5 5 p_temp_casualties_2 {!}casualties 256 0 0 3 0 0 0 0 0 1.000000 1.000000 1.000000 1.000000 1.000000 1.000000 0.0 0 
0.000000
 1 6 6 p_temp_casualties_3 {!}casualties 256 0 0 3 0 0 0 0 0 1.000000 1.000000 1.000000 1.000000 1.000000 1.000000 0.0 0 
0.000000
 1 7 7 p_temp_wounded {!}enemies_wounded 256 0 0 3 0 0 0 0 0 1.000000 1.000000 1.000000 1.000000 1.000000 1.000000 0.0 0 
0.000000
 1 8 8 p_temp_killed {!}enemies_killed 256 0 0 3 0 0 0 0 0 1.000000 1.000000 1.000000 1.000000 1.000000 1.000000 0.0 0 
0.000000
 1 9 9 p_main_party_backup {!}_ 256 0 0 3 0 0 0 0 0 1.000000 1.000000 1.000000 1.000000 1.000000 1.000000 0.0 0 
0.000000
 1 10 10 p_encountered_party_backup {!}_ 256 0 0 3 0 0 0 0 0 1.000000 1.000000 1.000000 1.000000 1.000000 1.000000 0.0 0 
0.000000
 1 11 11 p_collective_friends_backup {!}_ 256 0 0 3 0 0 0 0 0 1.000000 1.000000 1.000000 1.000000 1.000000 1.000000 0.0 0 
0.000000
 1 12 12 p_player_casualties {!}_ 256 0 0 3 0 0 0 0 0 1.000000 1.000000 1.000000 1.000000 1.000000 1.000000 0.0 0 
0.000000
 1 13 13 p_enemy_casualties {!}_ 256 0 0 3 0 0 0 0 0 1.000000 1.000000 1.000000 1.000000 1.000000 1.000000 0.0 0 
0.000000
 1 14 14 p_ally_casualties {!}_ 256 0 0 3 0 0 0 0 0 1.000000 1.000000 1.000000 1.000000 1.000000 1.000000 0.0 0 
0.000000
 1 15 15 p_collective_enemy {!}collective_enemy 256 0 0 3 0 0 0 0 0 1.000000 1.000000 1.000000 1.000000 1.000000 1.000000 0.0 0 
0.000000
 1 16 16 p_collective_ally {!}collective_ally 256 0 0 3 0 0 0 0 0 1.000000 1.000000 1.000000 1.000000 1.000000 1.000000 0.0 0 
0.000000
 1 17 17 p_collective_friends {!}collective_ally 256 0 0 3 0 0 0 0 0 1.000000 1.000000 1.000000 1.000000 1.000000 1.000000 0.0 0 
0.000000
 1 18 18 p_total_enemy_casualties {!}_ 256 0 0 3 0 0 0 0 0 1.000000 1.000000 1.000000 1.000000 1.000000 1.000000 0.0 0 
0.000000
 1 19 19 p_routed_enemies {!}routed_enemies 256 0 0 3 0 0 0 0 0 1.000000 1.000000 1.000000 1.000000 1.000000 1.000000 0.0 0 
0.000000
 1 20 20 p_zendar Zendar 2114828 0 0 3 0 0 0 0 0 -11.000000 -11.000000 -11.000000 -11.000000 -11.000000 -11.000000 0.0 0 
0.000000
 1 21 21 p_town_1 Cairhien 4219916 0 0 3 0 0 0 0 0 81.230003 -6.600000 81.230003 -6.600000 81.230003 -6.600000 0.0 0 
2.967060
 1 22 22 p_town_2 Baerlon 4219916 0 0 3 0 0 0 0 0 -47.910000 -48.910000 -47.910000 -48.910000 -47.910000 -48.910000 0.0 0 
2.094395
 1 23 23 p_town_3 Caemlyn 4219916 0 0 3 0 0 0 0 0 31.230000 -58.380001 31.230000 -58.380001 31.230000 -58.380001 0.0 0 
1.396263
 1 24 24 p_town_4 Ebou_Dar 4219916 0 0 3 0 0 0 0 0 -29.870001 -152.009995 -29.870001 -152.009995 -29.870001 -152.009995 0.0 0 
5.061455
 1 25 25 p_town_5 Lugard 4219916 0 0 3 0 0 0 0 0 0.980000 -102.900002 0.980000 -102.900002 0.980000 -102.900002 0.0 0 
1.570796
 1 26 26 p_town_6 Bandar_Eban 4219916 0 0 3 0 0 0 0 0 -143.279999 4.790000 -143.279999 4.790000 -143.279999 4.790000 0.0 0 
2.705260
 1 27 27 p_town_7 Falme 4219916 0 0 3 0 0 0 0 0 -150.199997 -38.119999 -150.199997 -38.119999 -150.199997 -38.119999 0.0 0 
4.188790
 1 28 28 p_town_8 Tanchico 4219916 0 0 3 0 0 0 0 0 -143.160004 -85.250000 -143.160004 -85.250000 -143.160004 -85.250000 0.0 0 
3.054326
 1 29 29 p_town_9 Shol_Arbela 4219938 0 0 3 0 0 0 0 0 55.939999 71.629997 55.939999 71.629997 55.939999 71.629997 0.0 0 
1.570796
 1 30 30 p_town_10 Tear 4219917 0 0 3 0 0 0 0 0 60.930000 -132.610001 60.930000 -132.610001 60.930000 -132.610001 0.0 0 
5.410521
 1 31 31 p_town_11 Fal_Moran 4219938 0 0 3 0 0 0 0 0 98.180000 86.230003 98.180000 86.230003 98.180000 86.230003 0.0 0 
2.617994
 1 32 32 p_town_12 Mayene 4219916 0 0 3 0 0 0 0 0 133.490005 -147.960007 133.490005 -147.960007 133.490005 -147.960007 0.0 0 
0.436332
 1 33 33 p_town_13 Amador 4219916 0 0 3 0 0 0 0 0 -70.849998 -125.059998 -70.849998 -125.059998 -70.849998 -125.059998 0.0 0 
1.047198
 1 34 34 p_town_14 Jehannah 4219917 0 0 3 0 0 0 0 0 -57.759998 -86.650002 -57.759998 -86.650002 -57.759998 -86.650002 0.0 0 
2.356194
 1 35 35 p_town_15 Far_Madding 4219916 0 0 3 0 0 0 0 0 26.230000 -97.430000 26.230000 -97.430000 26.230000 -97.430000 0.0 0 
0.785398
 1 36 36 p_town_16 Whitebridge 4219916 0 0 3 0 0 0 0 0 -3.360000 -74.720001 -3.360000 -74.720001 -3.360000 -74.720001 0.0 0 
0.000000
 1 37 37 p_town_17 Chachin 4219917 0 0 3 0 0 0 0 0 23.900000 65.480003 23.900000 65.480003 23.900000 65.480003 0.0 0 
1.570796
 1 38 38 p_town_18 Maradon 4219917 0 0 3 0 0 0 0 0 -7.640000 72.279999 -7.640000 72.279999 -7.640000 72.279999 0.0 0 
2.356194
 1 39 39 p_town_19 Tar_Valon 4219918 0 0 3 0 0 0 0 0 58.709999 21.389999 58.709999 21.389999 58.709999 21.389999 0.0 0 
0.785398
 1 40 40 p_town_20 Shayol_Ghul 4219918 0 0 3 0 0 0 0 0 91.339996 160.149994 91.339996 160.149994 91.339996 160.149994 0.0 0 
4.712389
 1 41 41 p_town_21 Rhuidean 4219918 0 0 3 0 0 0 0 0 176.050003 -2.680000 176.050003 -2.680000 176.050003 -2.680000 0.0 0 
5.759586
 1 42 42 p_town_22 Illian 4219918 0 0 3 0 0 0 0 0 18.850000 -156.000000 18.850000 -156.000000 18.850000 -156.000000 0.0 0 
3.926991
 1 43 43 p_castle_1 Culmarr_Castle 4215838 0 0 3 0 0 0 0 0 79.790001 -127.559998 79.790001 -127.559998 79.790001 -127.559998 0.0 0 
0.872665
 1 44 44 p_castle_2 Bellon 4215839 0 0 3 0 0 0 0 0 -67.739998 -126.029999 -67.739998 -126.029999 -67.739998 -126.029999 0.0 0 
1.308997
 1 45 45 p_castle_3 Fortress_of_the_Light 4215838 0 0 3 0 0 0 0 0 -67.750000 -130.990005 -67.750000 -130.990005 -67.750000 -130.990005 0.0 0 
1.745329
 1 46 46 p_castle_4 Stone_of_Tear 4215840 0 0 3 0 0 0 0 0 60.970001 -129.149994 60.970001 -129.149994 60.970001 -129.149994 0.0 0 
3.141593
 1 47 47 p_castle_5 So_Habor 4215840 0 0 3 0 0 0 0 0 -20.740000 -115.629997 -20.740000 -115.629997 -20.740000 -115.629997 0.0 0 
1.570796
 1 48 48 p_castle_6 Kandelmar 4215838 0 0 3 0 0 0 0 0 -80.519997 -17.900000 -80.519997 -17.900000 -80.519997 -17.900000 0.0 0 
0.959931
 1 49 49 p_castle_7 Sungetche_Castle 4215843 0 0 3 0 0 0 0 0 -23.520000 47.509998 -23.520000 47.509998 -23.520000 47.509998 0.0 0 
0.785398
 1 50 50 p_castle_8 Boannda 4215838 0 0 3 0 0 0 0 0 -40.490002 -100.339996 -40.490002 -100.339996 -40.490002 -100.339996 0.0 0 
0.523599
 1 51 51 p_castle_9 Jamiche_Castle 4215838 0 0 3 0 0 0 0 0 20.490000 -115.410004 20.490000 -115.410004 20.490000 -115.410004 0.0 0 
1.745329
 1 52 52 p_castle_10 Taren_Ferry 4215838 0 0 3 0 0 0 0 0 -53.959999 -57.060001 -53.959999 -57.060001 -53.959999 -57.060001 0.0 0 
1.919862
 1 53 53 p_castle_11 Trustair 4215838 0 0 3 0 0 0 0 0 7.710000 -87.089996 7.710000 -87.089996 7.710000 -87.089996 0.0 0 
1.308997
 1 54 54 p_castle_12 Malden 4215839 0 0 3 0 0 0 0 0 -14.410000 -130.720001 -14.410000 -130.720001 -14.410000 -130.720001 0.0 0 
1.658063
 1 55 55 p_castle_13 Kelredan_Castle 4215838 0 0 3 0 0 0 0 0 95.669998 -22.260000 95.669998 -22.260000 95.669998 -22.260000 0.0 0 
2.007129
 1 56 56 p_castle_14 Aringill 4215840 0 0 3 0 0 0 0 0 50.349998 -60.840000 50.349998 -60.840000 50.349998 -60.840000 0.0 0 
1.570796
 1 57 57 p_castle_15 Jorn_Hill 4215838 0 0 3 0 0 0 0 0 28.420000 -46.130001 28.420000 -46.130001 28.420000 -46.130001 0.0 0 
4.101524
 1 58 58 p_castle_16 New_Braem 4215840 0 0 3 0 0 0 0 0 33.419998 -46.689999 33.419998 -46.689999 33.419998 -46.689999 0.0 0 
0.785398
 1 59 59 p_castle_17 Samara 4215838 0 0 3 0 0 0 0 0 -50.459999 -93.809998 -50.459999 -93.809998 -50.459999 -93.809998 0.0 0 
0.261799
 1 60 60 p_castle_18 Fal_Eisen 4215843 0 0 3 0 0 0 0 0 82.970001 79.199997 82.970001 79.199997 82.970001 79.199997 0.0 0 
5.235988
 1 61 61 p_castle_19 Canluum 4215843 0 0 3 0 0 0 0 0 34.090000 69.010002 34.090000 69.010002 34.090000 69.010002 0.0 0 
4.886922
 1 62 62 p_castle_20 Derchios_Castle 4215838 0 0 3 0 0 0 0 0 -103.690002 -4.320000 -103.690002 -4.320000 -103.690002 -4.320000 0.0 0 
4.537856
 1 63 63 p_castle_21 Ibdeles_Castle 4215838 0 0 3 0 0 0 0 0 -19.250000 -62.450001 -19.250000 -62.450001 -19.250000 -62.450001 0.0 0 
4.537856
 1 64 64 p_castle_22 Slezkh_Castle 4215838 0 0 3 0 0 0 0 0 48.049999 -125.980003 48.049999 -125.980003 48.049999 -125.980003 0.0 0 
4.537856
 1 65 65 p_castle_23 Tevarin_Castle 4215838 0 0 3 0 0 0 0 0 63.770000 -55.700001 63.770000 -55.700001 63.770000 -55.700001 0.0 0 
1.396263
 1 66 66 p_castle_24 Reindi_Castle 4215838 0 0 3 0 0 0 0 0 -2.230000 -131.509995 -2.230000 -131.509995 -2.230000 -131.509995 0.0 0 
4.537856
 1 67 67 p_castle_25 Alkindar 4215838 0 0 3 0 0 0 0 0 -28.530001 -142.520004 -28.530001 -142.520004 -28.530001 -142.520004 0.0 0 
4.537856
 1 68 68 p_castle_26 Cormaed 4215838 0 0 3 0 0 0 0 0 -21.180000 -134.240005 -21.180000 -134.240005 -21.180000 -134.240005 0.0 0 
4.537856
 1 69 69 p_castle_27 Rindyar_Castle 4215838 0 0 3 0 0 0 0 0 12.200000 -136.210007 12.200000 -136.210007 12.200000 -136.210007 0.0 0 
4.537856
 1 70 70 p_castle_28 Grunwalder_Castle 4215838 0 0 3 0 0 0 0 0 -35.490002 -128.850006 -35.490002 -128.850006 -35.490002 -128.850006 0.0 0 
4.537856
 1 71 71 p_castle_29 Fal_Dara 4215843 0 0 3 0 0 0 0 0 105.779999 96.660004 105.779999 96.660004 105.779999 96.660004 0.0 0 
4.886922
 1 72 72 p_castle_30 Sienda 4215841 0 0 3 0 0 0 0 0 -57.740002 -110.489998 -57.740002 -110.489998 -57.740002 -110.489998 0.0 0 
4.537856
 1 73 73 p_castle_31 Vyincourd_Castle 4215838 0 0 3 0 0 0 0 0 6.790000 -60.590000 6.790000 -60.590000 6.790000 -60.590000 0.0 0 
4.537856
 1 74 74 p_castle_32 Katar 4215838 0 0 3 0 0 0 0 0 -81.150002 -29.959999 -81.150002 -29.959999 -81.150002 -29.959999 0.0 0 
4.537856
 1 75 75 p_castle_33 Etrosq_Castle 4215838 0 0 3 0 0 0 0 0 91.190002 -104.889999 91.190002 -104.889999 91.190002 -104.889999 0.0 0 
1.396263
 1 76 76 p_castle_34 Salidar 4215838 0 0 3 0 0 0 0 0 -17.209999 -125.900002 -17.209999 -125.900002 -17.209999 -125.900002 0.0 0 
4.537856
 1 77 77 p_castle_35 Haringoth_Castle 4215838 0 0 3 0 0 0 0 0 55.619999 -22.309999 55.619999 -22.309999 55.619999 -22.309999 0.0 0 
4.537856
 1 78 78 p_castle_36 Jurador 4215838 0 0 3 0 0 0 0 0 -18.280001 -141.550003 -18.280001 -141.550003 -18.280001 -141.550003 0.0 0 
4.537856
 1 79 79 p_castle_37 Godan 4215840 0 0 3 0 0 0 0 0 125.650002 -142.309998 125.650002 -142.309998 125.650002 -142.309998 0.0 0 
4.537856
 1 80 80 p_castle_38 Red_Water_Hold 4215841 0 0 3 0 0 0 0 0 173.910004 92.739998 173.910004 92.739998 173.910004 92.739998 0.0 0 
4.537856
 1 81 81 p_castle_39 Unuzdaq_Castle 4215843 0 0 3 0 0 0 0 0 1.510000 57.450001 1.510000 57.450001 1.510000 57.450001 0.0 0 
4.886922
 1 82 82 p_castle_40 Irinjavar 4215841 0 0 3 0 0 0 0 0 -27.250000 22.160000 -27.250000 22.160000 -27.250000 22.160000 0.0 0 
4.537856
 1 83 83 p_castle_41 Luagde 4215841 0 0 3 0 0 0 0 0 58.660000 30.020000 58.660000 30.020000 58.660000 30.020000 0.0 0 
4.537856
 1 84 84 p_castle_42 Darein 4215841 0 0 3 0 0 0 0 0 48.619999 18.639999 48.619999 18.639999 48.619999 18.639999 0.0 0 
1.396263
 1 85 85 p_castle_43 Two_Spires_Hold 4215841 0 0 3 0 0 0 0 0 156.429993 37.430000 156.429993 37.430000 156.429993 37.430000 0.0 0 
4.537856
 1 86 86 p_castle_44 Taien 4215841 0 0 3 0 0 0 0 0 138.750000 15.530000 138.750000 15.530000 138.750000 15.530000 0.0 0 
4.537856
 1 87 87 p_castle_45 Shende_Hold 4215841 0 0 3 0 0 0 0 0 173.539993 -61.349998 173.539993 -61.349998 173.539993 -61.349998 0.0 0 
4.537856
 1 88 88 p_castle_46 Hot_Springs_Hold 4215841 0 0 3 0 0 0 0 0 185.949997 13.710000 185.949997 13.710000 185.949997 13.710000 0.0 0 
4.537856
 1 89 89 p_castle_47 Alindaer 4215841 0 0 3 0 0 0 0 0 54.630001 0.980000 54.630001 0.980000 54.630001 0.980000 0.0 0 
4.537856
 1 90 90 p_castle_48 Spine_Ridge_Hold 4215841 0 0 3 0 0 0 0 0 175.179993 65.339996 175.179993 65.339996 175.179993 65.339996 0.0 0 
4.537856
 1 91 91 p_village_1 Yaragar 2114575 0 0 3 0 0 0 0 0 96.779999 -124.790001 96.779999 -124.790001 96.779999 -124.790001 0.0 0 
1.745329
 1 92 92 p_village_2 So_Eban 2114575 0 0 3 0 0 0 0 0 -21.240000 -124.070000 -21.240000 -124.070000 -21.240000 -124.070000 0.0 0 
1.919862
 1 93 93 p_village_3 Azgad 2114575 0 0 3 0 0 0 0 0 -119.519997 -21.799999 -119.519997 -21.799999 -119.519997 -21.799999 0.0 0 
2.094395
 1 94 94 p_village_4 Market_Sheran 2114575 0 0 3 0 0 0 0 0 21.330000 -63.549999 21.330000 -63.549999 21.330000 -63.549999 0.0 0 
2.268928
 1 95 95 p_village_5 Solanje 2114575 0 0 3 0 0 0 0 0 -123.279999 -9.360000 -123.279999 -9.360000 -123.279999 -9.360000 0.0 0 
2.967060
 1 96 96 p_village_6 Emirin 2114575 0 0 3 0 0 0 0 0 -14.350000 21.629999 -14.350000 21.629999 -14.350000 21.629999 0.0 0 
1.745329
 1 97 97 p_village_7 Amere 2114575 0 0 3 0 0 0 0 0 -6.780000 42.540001 -6.780000 42.540001 -6.780000 42.540001 0.0 0 
1.919862
 1 98 98 p_village_8 Haen 2114575 0 0 3 0 0 0 0 0 26.719999 -136.320007 26.719999 -136.320007 26.719999 -136.320007 0.0 0 
2.094395
 1 99 99 p_village_9 Arien 2114575 0 0 3 0 0 0 0 0 8.350000 -70.949997 8.350000 -70.949997 8.350000 -70.949997 0.0 0 
2.268928
 1 100 100 p_village_10 Mechin 2114575 0 0 3 0 0 0 0 0 51.139999 -133.860001 51.139999 -133.860001 51.139999 -133.860001 0.0 0 
2.967060
 1 101 101 p_village_11 Ravinda 2114575 0 0 3 0 0 0 0 0 29.190001 66.930000 29.190001 66.930000 29.190001 66.930000 0.0 0 
1.745329
 1 102 102 p_village_12 Sheldyn 2114575 0 0 3 0 0 0 0 0 -13.220000 -73.339996 -13.220000 -73.339996 -13.220000 -73.339996 0.0 0 
1.919862
 1 103 103 p_village_13 Ionin_Spring 2114575 0 0 3 0 0 0 0 0 -9.550000 -123.900002 -9.550000 -123.900002 -9.550000 -123.900002 0.0 0 
2.094395
 1 104 104 p_village_14 Samaha 2114575 0 0 3 0 0 0 0 0 -40.660000 -86.709999 -40.660000 -86.709999 -40.660000 -86.709999 0.0 0 
2.268928
 1 105 105 p_village_15 Ryibelet 2114575 0 0 3 0 0 0 0 0 68.720001 -35.950001 68.720001 -35.950001 68.720001 -35.950001 0.0 0 
2.967060
 1 106 106 p_village_16 Sekhtem 2114584 0 0 3 0 0 0 0 0 -37.209999 54.490002 -37.209999 54.490002 -37.209999 54.490002 0.0 0 
2.967060
 1 107 107 p_village_17 Jakanda 2114584 0 0 3 0 0 0 0 0 49.150002 63.430000 49.150002 63.430000 49.150002 63.430000 0.0 0 
0.610865
 1 108 108 p_village_18 Aab 2114584 0 0 3 0 0 0 0 0 37.360001 55.540001 37.360001 55.540001 37.360001 55.540001 0.0 0 
2.967060
 1 109 109 p_village_19 Camron_Caan 2114584 0 0 3 0 0 0 0 0 98.820000 74.779999 98.820000 74.779999 98.820000 74.779999 0.0 0 
2.967060
 1 110 110 p_village_20 Iqbayl 2114584 0 0 3 0 0 0 0 0 -26.610001 60.029999 -26.610001 60.029999 -26.610001 60.029999 0.0 0 
2.967060
 1 111 111 p_village_21 Manala 2114584 0 0 3 0 0 0 0 0 13.570000 64.970001 13.570000 64.970001 13.570000 64.970001 0.0 0 
1.745329
 1 112 112 p_village_22 Mos_Shirare 2114584 0 0 3 0 0 0 0 0 82.379997 60.000000 82.379997 60.000000 82.379997 60.000000 0.0 0 
1.919862
 1 113 113 p_village_23 Ilvia 2114575 0 0 3 0 0 0 0 0 -25.410000 -57.990002 -25.410000 -57.990002 -25.410000 -57.990002 0.0 0 
2.094395
 1 114 114 p_village_24 Kore_Springs 2114575 0 0 3 0 0 0 0 0 20.500000 -44.910000 20.500000 -44.910000 20.500000 -44.910000 0.0 0 
2.268928
 1 115 115 p_village_25 Dashbigha 2114575 0 0 3 0 0 0 0 0 15.430000 -117.989998 15.430000 -117.989998 15.430000 -117.989998 0.0 0 
2.967060
 1 116 116 p_village_26 Weesin 2114575 0 0 3 0 0 0 0 0 -28.959999 -145.110001 -28.959999 -145.110001 -28.959999 -145.110001 0.0 0 
2.967060
 1 117 117 p_village_27 Glunmar 2114575 0 0 3 0 0 0 0 0 52.509998 -124.510002 52.509998 -124.510002 52.509998 -124.510002 0.0 0 
2.967060
 1 118 118 p_village_28 Rushdigh 2114575 0 0 3 0 0 0 0 0 22.400000 -140.850006 22.400000 -140.850006 22.400000 -140.850006 0.0 0 
2.967060
 1 119 119 p_village_29 Marella 2114575 0 0 3 0 0 0 0 0 -5.270000 -119.510002 -5.270000 -119.510002 -5.270000 -119.510002 0.0 0 
2.967060
 1 120 120 p_village_30 Ruvar 2114575 0 0 3 0 0 0 0 0 -14.990000 40.060001 -14.990000 40.060001 -14.990000 40.060001 0.0 0 
2.967060
 1 121 121 p_village_31 Soremaine 2114575 0 0 3 0 0 0 0 0 4.070000 -132.229996 4.070000 -132.229996 4.070000 -132.229996 0.0 0 
1.745329
 1 122 122 p_village_32 Sidon 2114575 0 0 3 0 0 0 0 0 -43.820000 -90.930000 -43.820000 -90.930000 -43.820000 -90.930000 0.0 0 
1.919862
 1 123 123 p_village_33 Coramen 2114575 0 0 3 0 0 0 0 0 -23.809999 -141.729996 -23.809999 -141.729996 -23.809999 -141.729996 0.0 0 
2.094395
 1 124 124 p_village_34 Daghain 2114575 0 0 3 0 0 0 0 0 68.089996 24.980000 68.089996 24.980000 68.089996 24.980000 0.0 0 
2.268928
 1 125 125 p_village_35 Fearichen 2114575 0 0 3 0 0 0 0 0 -109.800003 8.760000 -109.800003 8.760000 -109.800003 8.760000 0.0 0 
2.967060
 1 126 126 p_village_36 Jayek 2114575 0 0 3 0 0 0 0 0 -80.269997 -38.250000 -80.269997 -38.250000 -80.269997 -38.250000 0.0 0 
2.967060
 1 127 127 p_village_37 Ada_Kulun 2114575 0 0 3 0 0 0 0 0 115.290001 -136.639999 115.290001 -136.639999 115.290001 -136.639999 0.0 0 
2.967060
 1 128 128 p_village_38 Moisen 2114575 0 0 3 0 0 0 0 0 -6.400000 -135.830002 -6.400000 -135.830002 -6.400000 -135.830002 0.0 0 
2.967060
 1 129 129 p_village_39 Reveran 2114575 0 0 3 0 0 0 0 0 47.549999 -64.209999 47.549999 -64.209999 47.549999 -64.209999 0.0 0 
2.967060
 1 130 130 p_village_40 Saren 2114575 0 0 3 0 0 0 0 0 93.440002 -92.820000 93.440002 -92.820000 93.440002 -92.820000 0.0 0 
2.967060
 1 131 131 p_village_41 Alcruna 2114575 0 0 3 0 0 0 0 0 -101.220001 -75.320000 -101.220001 -75.320000 -101.220001 -75.320000 0.0 0 
1.745329
 1 132 132 p_village_42 Dirigh_Aban 2114575 0 0 3 0 0 0 0 0 -48.020000 -123.339996 -48.020000 -123.339996 -48.020000 -123.339996 0.0 0 
1.919862
 1 133 133 p_village_43 Coron_Ford 2114575 0 0 3 0 0 0 0 0 -80.750000 -3.300000 -80.750000 -3.300000 -80.750000 -3.300000 0.0 0 
2.094395
 1 134 134 p_village_44 Mehar 2114575 0 0 3 0 0 0 0 0 -35.750000 42.680000 -35.750000 42.680000 -35.750000 42.680000 0.0 0 
2.268928
 1 135 135 p_village_45 Ankor_Dail 2114575 0 0 3 0 0 0 0 0 118.070000 79.769997 118.070000 79.769997 118.070000 79.769997 0.0 0 
2.967060
 1 136 136 p_village_46 Glancor 2114575 0 0 3 0 0 0 0 0 31.920000 -92.190002 31.920000 -92.190002 31.920000 -92.190002 0.0 0 
2.967060
 1 137 137 p_village_47 Breen's_Spring 2114575 0 0 3 0 0 0 0 0 22.809999 -61.389999 22.809999 -61.389999 22.809999 -61.389999 0.0 0 
2.967060
 1 138 138 p_village_48 So_Tehar 2114575 0 0 3 0 0 0 0 0 -28.620001 -149.440002 -28.620001 -149.440002 -28.620001 -149.440002 0.0 0 
2.967060
 1 139 139 p_village_49 Fal_Sion 2114584 0 0 3 0 0 0 0 0 80.709999 72.519997 80.709999 72.519997 80.709999 72.519997 0.0 0 
0.174533
 1 140 140 p_village_50 Tifan's_Well 2114584 0 0 3 0 0 0 0 0 67.180000 69.559998 67.180000 69.559998 67.180000 69.559998 0.0 0 
2.967060
 1 141 141 p_village_51 Sehar 2114575 0 0 3 0 0 0 0 0 -21.260000 -130.770004 -21.260000 -130.770004 -21.260000 -130.770004 0.0 0 
1.745329
 1 142 142 p_village_52 Kayacun 2114575 0 0 3 0 0 0 0 0 -31.469999 67.720001 -31.469999 67.720001 -31.469999 67.720001 0.0 0 
1.919862
 1 143 143 p_village_53 Tremonsien 2114575 0 0 3 0 0 0 0 0 89.000000 6.880000 89.000000 6.880000 89.000000 6.880000 0.0 0 
2.094395
 1 144 144 p_village_54 Qalyut 2114575 0 0 3 0 0 0 0 0 -42.650002 26.110001 -42.650002 26.110001 -42.650002 26.110001 0.0 0 
2.268928
 1 145 145 p_village_55 Elmora 2114575 0 0 3 0 0 0 0 0 -114.779999 -103.550003 -114.779999 -103.550003 -114.779999 -103.550003 0.0 0 
2.967060
 1 146 146 p_village_56 Morelle 2114575 0 0 3 0 0 0 0 0 84.839996 -39.919998 84.839996 -39.919998 84.839996 -39.919998 0.0 0 
2.967060
 1 147 147 p_village_57 Ushkuru 2114575 0 0 3 0 0 0 0 0 5.080000 -112.550003 5.080000 -112.550003 5.080000 -112.550003 0.0 0 
2.967060
 1 148 148 p_village_58 Maracru 2114575 0 0 3 0 0 0 0 0 -126.599998 -95.379997 -126.599998 -95.379997 -126.599998 -95.379997 0.0 0 
2.967060
 1 149 149 p_village_59 Buryhill 2114575 0 0 3 0 0 0 0 0 14.150000 -76.190002 14.150000 -76.190002 14.150000 -76.190002 0.0 0 
2.967060
 1 150 150 p_village_60 Jurene 2114575 0 0 3 0 0 0 0 0 52.450001 -19.719999 52.450001 -19.719999 52.450001 -19.719999 0.0 0 
2.967060
 1 151 151 p_village_61 Mosra 2114575 0 0 3 0 0 0 0 0 -23.410000 -120.589996 -23.410000 -120.589996 -23.410000 -120.589996 0.0 0 
1.745329
 1 152 152 p_village_62 Tilimsal 2114575 0 0 3 0 0 0 0 0 64.910004 61.830002 64.910004 61.830002 64.910004 61.830002 0.0 0 
1.745329
 1 153 153 p_village_63 Serana 2114575 0 0 3 0 0 0 0 0 -94.129997 -107.680000 -94.129997 -107.680000 -94.129997 -107.680000 0.0 0 
1.745329
 1 154 154 p_village_64 Carysford 2114575 0 0 3 0 0 0 0 0 26.500000 -60.060001 26.500000 -60.060001 26.500000 -60.060001 0.0 0 
1.745329
 1 155 155 p_village_65 Maerone 2114575 0 0 3 0 0 0 0 0 56.090000 -58.610001 56.090000 -58.610001 56.090000 -58.610001 0.0 0 
1.745329
 1 156 156 p_village_66 Cosamelle 2114575 0 0 3 0 0 0 0 0 -59.529999 -79.550003 -59.529999 -79.550003 -59.529999 -79.550003 0.0 0 
1.745329
 1 157 157 p_village_67 Bethal 2114575 0 0 3 0 0 0 0 0 -47.860001 -79.419998 -47.860001 -79.419998 -47.860001 -79.419998 0.0 0 
1.745329
 1 158 158 p_village_68 Comfrey 2114575 0 0 3 0 0 0 0 0 -44.630001 -40.560001 -44.630001 -40.560001 -44.630001 -40.560001 0.0 0 
1.745329
 1 159 159 p_village_69 Eianrod 2114575 0 0 3 0 0 0 0 0 111.059998 -8.150000 111.059998 -8.150000 111.059998 -8.150000 0.0 0 
1.745329
 1 160 160 p_village_70 Cullen's_Crossing 2114575 0 0 3 0 0 0 0 0 34.200001 -65.389999 34.200001 -65.389999 34.200001 -65.389999 0.0 0 
1.745329
 1 161 161 p_village_71 Damelien 2114575 0 0 3 0 0 0 0 0 23.000000 -71.139999 23.000000 -71.139999 23.000000 -71.139999 0.0 0 
0.349066
 1 162 162 p_village_72 Nor_Chasen 2114575 0 0 3 0 0 0 0 0 -19.950001 -146.830002 -19.950001 -146.830002 -19.950001 -146.830002 0.0 0 
1.047198
 1 163 163 p_village_73 Danabar 2114575 0 0 3 0 0 0 0 0 27.700001 -76.379997 27.700001 -76.379997 27.700001 -76.379997 0.0 0 
0.959931
 1 164 164 p_village_74 Jarra 2114575 0 0 3 0 0 0 0 0 -55.840000 -91.019997 -55.840000 -91.019997 -55.840000 -91.019997 0.0 0 
0.261799
 1 165 165 p_village_75 Medo 2114584 0 0 3 0 0 0 0 0 88.879997 89.050003 88.879997 89.050003 88.879997 89.050003 0.0 0 
0.174533
 1 166 166 p_village_76 Maseen 2114575 0 0 3 0 0 0 0 0 -100.860001 -18.160000 -100.860001 -18.160000 -100.860001 -18.160000 0.0 0 
0.610865
 1 167 167 p_village_77 Hinderstap 2114575 0 0 3 0 0 0 0 0 1.010000 -89.809998 1.010000 -89.809998 1.010000 -89.809998 0.0 0 
2.792527
 1 168 168 p_village_78 Forel_Market 2114575 0 0 3 0 0 0 0 0 28.549999 -67.290001 28.549999 -67.290001 28.549999 -67.290001 0.0 0 
3.141593
 1 169 169 p_village_79 Four_Kings 2114575 0 0 3 0 0 0 0 0 17.370001 -65.099998 17.370001 -65.099998 17.370001 -65.099998 0.0 0 
0.000000
 1 170 170 p_village_80 Osenrein 2114575 0 0 3 0 0 0 0 0 72.629997 14.980000 72.629997 14.980000 72.629997 14.980000 0.0 0 
0.698132
 1 171 171 p_village_81 Mindea 2114575 0 0 3 0 0 0 0 0 8.850000 -102.940002 8.850000 -102.940002 8.850000 -102.940002 0.0 0 
0.349066
 1 172 172 p_village_82 Jualde 2114575 0 0 3 0 0 0 0 0 45.520000 31.650000 45.520000 31.650000 45.520000 31.650000 0.0 0 
1.047198
 1 173 173 p_village_83 Brytan 2114575 0 0 3 0 0 0 0 0 -25.309999 -99.029999 -25.309999 -99.029999 -25.309999 -99.029999 0.0 0 
0.959931
 1 174 174 p_village_84 Daigan 2114575 0 0 3 0 0 0 0 0 27.370001 -102.510002 27.370001 -102.510002 27.370001 -102.510002 0.0 0 
0.261799
 1 175 175 p_village_85 Tazjunat 2114584 0 0 3 0 0 0 0 0 26.120001 55.750000 26.120001 55.750000 26.120001 55.750000 0.0 0 
0.174533
 1 176 176 p_village_86 Uzgha 2114584 0 0 3 0 0 0 0 0 -17.100000 60.669998 -17.100000 60.669998 -17.100000 60.669998 0.0 0 
0.610865
 1 177 177 p_village_87 Udiniad 2114575 0 0 3 0 0 0 0 0 -127.290001 -76.459999 -127.290001 -76.459999 -127.290001 -76.459999 0.0 0 
2.792527
 1 178 178 p_village_88 Mardecin 2114575 0 0 3 0 0 0 0 0 -77.080002 -119.849998 -77.080002 -119.849998 -77.080002 -119.849998 0.0 0 
3.141593
 1 179 179 p_village_89 Uhhun 2114575 0 0 3 0 0 0 0 0 -53.160000 39.900002 -53.160000 39.900002 -53.160000 39.900002 0.0 0 
0.000000
 1 180 180 p_village_90 Harlon_Bridge 2114575 0 0 3 0 0 0 0 0 18.490000 -73.730003 18.490000 -73.730003 18.490000 -73.730003 0.0 0 
0.698132
 1 181 181 p_village_91 Bhulaban 2114577 0 0 3 0 0 0 0 0 -104.180000 -94.019997 -104.180000 -94.019997 -104.180000 -94.019997 0.0 0 
0.349066
 1 182 182 p_village_92 Bent_Peak_Hold 2114577 0 0 3 0 0 0 0 0 152.190002 -33.419998 152.190002 -33.419998 152.190002 -33.419998 0.0 0 
1.047198
 1 183 183 p_village_93 Remen 2114577 0 0 3 0 0 0 0 0 -10.940000 -104.269997 -10.940000 -104.269997 -10.940000 -104.269997 0.0 0 
0.959931
 1 184 184 p_village_94 Red_Springs_Hold 2114577 0 0 3 0 0 0 0 0 180.320007 -19.209999 180.320007 -19.209999 180.320007 -19.209999 0.0 0 
0.261799
 1 185 185 p_village_95 Tamnuh 2114577 0 0 3 0 0 0 0 0 -25.549999 38.169998 -25.549999 38.169998 -25.549999 38.169998 0.0 0 
0.174533
 1 186 186 p_village_96 Shiagi_Hold 2114577 0 0 3 0 0 0 0 0 181.710007 46.110001 181.710007 46.110001 181.710007 46.110001 0.0 0 
0.610865
 1 187 187 p_village_97 Mainde_Cut_Hold 2114577 0 0 3 0 0 0 0 0 153.449997 -87.639999 153.449997 -87.639999 153.449997 -87.639999 0.0 0 
2.792527
 1 188 188 p_village_98 Bent_Valley_Hold 2114577 0 0 3 0 0 0 0 0 167.389999 23.290001 167.389999 23.290001 167.389999 23.290001 0.0 0 
3.141593
 1 189 189 p_village_99 Emond's_Field 2114577 0 0 3 0 0 0 0 0 -56.299999 -62.180000 -56.299999 -62.180000 -56.299999 -62.180000 0.0 0 
0.000000
 1 190 190 p_village_100 Tallan 2114577 0 0 3 0 0 0 0 0 -33.139999 -90.129997 -33.139999 -90.129997 -33.139999 -90.129997 0.0 0 
0.698132
 1 191 191 p_village_101 Fyall 2114577 0 0 3 0 0 0 0 0 -48.220001 -83.599998 -48.220001 -83.599998 -48.220001 -83.599998 0.0 0 
0.349066
 1 192 192 p_village_102 Inishlin 2114577 0 0 3 0 0 0 0 0 -7.370000 -99.239998 -7.370000 -99.239998 -7.370000 -99.239998 0.0 0 
1.047198
 1 193 193 p_village_103 Willar 2114577 0 0 3 0 0 0 0 0 -31.510000 -105.019997 -31.510000 -105.019997 -31.510000 -105.019997 0.0 0 
0.959931
 1 194 194 p_village_104 Jeramel 2114577 0 0 3 0 0 0 0 0 -54.529999 -100.660004 -54.529999 -100.660004 -54.529999 -100.660004 0.0 0 
0.261799
 1 195 195 p_village_105 Abila 2114577 0 0 3 0 0 0 0 0 -30.290001 -123.379997 -30.290001 -123.379997 -30.290001 -123.379997 0.0 0 
0.174533
 1 196 196 p_village_106 Cold_Peak_Hold 2114577 0 0 3 0 0 0 0 0 181.289993 84.400002 181.289993 84.400002 181.289993 84.400002 0.0 0 
0.610865
 1 197 197 p_village_107 Karindi 2114577 0 0 3 0 0 0 0 0 -111.010002 -115.769997 -111.010002 -115.769997 -111.010002 -115.769997 0.0 0 
2.792527
 1 198 198 p_village_108 Mazen 2114577 0 0 3 0 0 0 0 0 -40.720001 -114.150002 -40.720001 -114.150002 -40.720001 -114.150002 0.0 0 
3.141593
 1 199 199 p_village_109 Nassad 2114577 0 0 3 0 0 0 0 0 -85.629997 -115.330002 -85.629997 -115.330002 -85.629997 -115.330002 0.0 0 
0.000000
 1 200 200 p_village_110 Selean 2114577 0 0 3 0 0 0 0 0 119.949997 10.410000 119.949997 10.410000 119.949997 10.410000 0.0 0 
0.698132
 1 201 201 p_salt_mine Salt_Mine 2114831 0 0 3 0 0 0 0 0 2.000000 2.000000 2.000000 2.000000 2.000000 2.000000 0.0 0 
0.000000
 1 202 202 p_four_ways_inn Four_Ways_Inn 2114831 0 0 3 0 0 0 0 0 -2.000000 2.000000 -2.000000 2.000000 -2.000000 2.000000 0.0 0 
0.000000
 1 203 203 p_test_scene test_scene 2114831 0 0 3 0 0 0 0 0 0.000000 0.000000 0.000000 0.000000 0.000000 0.000000 0.0 0 
0.000000
 1 204 204 p_battlefields battlefields 2114831 0 0 3 0 0 0 0 0 2.000000 -2.000000 2.000000 -2.000000 2.000000 -2.000000 0.0 0 
0.000000
 1 205 205 p_dhorak_keep Dhorak_Keep 2639116 0 0 3 0 0 0 0 0 -2.000000 -2.000000 -2.000000 -2.000000 -2.000000 -2.000000 0.0 0 
0.000000
 1 206 206 p_training_ground Training_Ground 2114855 0 0 3 0 0 0 0 0 3.000000 -7.000000 3.000000 -7.000000 3.000000 -7.000000 0.0 0 
0.000000
 1 207 207 p_training_ground_1 Training_Field 2118695 0 0 3 0 0 0 0 0 76.650002 43.060001 76.650002 43.060001 76.650002 43.060001 0.0 0 
1.745329
 1 208 208 p_training_ground_2 Training_Field 2118695 0 0 3 0 0 0 0 0 -79.000000 22.830000 -79.000000 22.830000 -79.000000 22.830000 0.0 0 
1.745329
 1 209 209 p_training_ground_3 Training_Field 2118695 0 0 3 0 0 0 0 0 -7.960000 -1.240000 -7.960000 -1.240000 -7.960000 -1.240000 0.0 0 
1.745329
 1 210 210 p_training_ground_4 Training_Field 2118695 0 0 3 0 0 0 0 0 -49.880001 -142.820007 -49.880001 -142.820007 -49.880001 -142.820007 0.0 0 
1.745329
 1 211 211 p_training_ground_5 Training_Field 2118695 0 0 3 0 0 0 0 0 68.199997 -99.419998 68.199997 -99.419998 68.199997 -99.419998 0.0 0 
1.745329
 1 212 212 p_bridge_1 {!}1 541736 0 0 3 0 0 0 0 0 -24.870001 16.870001 -24.870001 16.870001 -24.870001 16.870001 0.0 0 
3.926991
 1 213 213 p_bridge_2 {!}2 541736 0 0 3 0 0 0 0 0 -123.800003 0.680000 -123.800003 0.680000 -123.800003 0.680000 0.0 0 
3.141593
 1 214 214 p_bridge_3 {!}3 541736 0 0 3 0 0 0 0 0 -84.519997 -22.719999 -84.519997 -22.719999 -84.519997 -22.719999 0.0 0 
2.356194
 1 215 215 p_bridge_4 {!}4 541736 0 0 3 0 0 0 0 0 -136.039993 -90.510002 -136.039993 -90.510002 -136.039993 -90.510002 0.0 0 
3.141593
 1 216 216 p_bridge_5 {!}5 541736 0 0 3 0 0 0 0 0 -93.980003 -85.650002 -93.980003 -85.650002 -93.980003 -85.650002 0.0 0 
2.356194
 1 217 217 p_bridge_6 {!}6 541736 0 0 3 0 0 0 0 0 -26.059999 -144.550003 -26.059999 -144.550003 -26.059999 -144.550003 0.0 0 
4.712389
 1 218 218 p_bridge_7 {!}7 541736 0 0 3 0 0 0 0 0 -57.160000 -83.150002 -57.160000 -83.150002 -57.160000 -83.150002 0.0 0 
2.356194
 1 219 219 p_bridge_8 {!}8 541738 0 0 3 0 0 0 0 0 -5.740000 -74.379997 -5.740000 -74.379997 -5.740000 -74.379997 0.0 0 
4.712389
 1 220 220 p_bridge_9 {!}9 541736 0 0 3 0 0 0 0 0 -1.470000 -100.989998 -1.470000 -100.989998 -1.470000 -100.989998 0.0 0 
3.926991
 1 221 221 p_bridge_10 {!}10 541736 0 0 3 0 0 0 0 0 16.370001 -152.229996 16.370001 -152.229996 16.370001 -152.229996 0.0 0 
4.712389
 1 222 222 p_bridge_11 {!}11 541736 0 0 3 0 0 0 0 0 58.509998 -131.369995 58.509998 -131.369995 58.509998 -131.369995 0.0 0 
4.712389
 1 223 223 p_bridge_12 {!}12 541736 0 0 3 0 0 0 0 0 78.900002 -7.030000 78.900002 -7.030000 78.900002 -7.030000 0.0 0 
4.712389
 1 224 224 p_bridge_13 {!}13 541738 0 0 3 0 0 0 0 0 62.349998 22.540001 62.349998 22.540001 62.349998 22.540001 0.0 0 
2.356194
 1 225 225 p_bridge_14 {!}14 541738 0 0 3 0 0 0 0 0 54.759998 20.500000 54.759998 20.500000 54.759998 20.500000 0.0 0 
2.356194
 1 226 226 p_looter_spawn_point {!}looter_sp 1280 0 0 2 0 0 0 0 0 -44.290001 -104.570000 -44.290001 -104.570000 -44.290001 -104.570000 0.0 1 362 15 0 0 
0.000000
 1 227 227 p_steppe_bandit_spawn_point the_steppes 1280 0 0 2 0 0 0 0 0 -111.860001 -109.279999 -111.860001 -109.279999 -111.860001 -109.279999 0.0 1 362 15 0 0 
0.000000
 1 228 228 p_taiga_bandit_spawn_point the_tundra 1280 0 0 2 0 0 0 0 0 -93.139999 19.430000 -93.139999 19.430000 -93.139999 19.430000 0.0 1 362 15 0 0 
0.000000
 1 229 229 p_forest_bandit_spawn_point the_forests 1280 0 0 2 0 0 0 0 0 31.030001 -34.430000 31.030001 -34.430000 31.030001 -34.430000 0.0 1 362 15 0 0 
0.000000
 1 230 230 p_mountain_bandit_spawn_point the_highlands 1280 0 0 2 0 0 0 0 0 8.750000 15.020000 8.750000 15.020000 8.750000 15.020000 0.0 1 362 15 0 0 
0.000000
 1 231 231 p_sea_raider_spawn_point_1 the_coast 1280 0 0 2 0 0 0 0 0 90.330002 -134.000000 90.330002 -134.000000 90.330002 -134.000000 0.0 1 362 15 0 0 
0.000000
 1 232 232 p_sea_raider_spawn_point_2 the_coast 1280 0 0 2 0 0 0 0 0 -50.880001 -146.759995 -50.880001 -146.759995 -50.880001 -146.759995 0.0 1 362 15 0 0 
0.000000
 1 233 233 p_desert_bandit_spawn_point the_deserts 1280 0 0 2 0 0 0 0 0 176.710007 54.900002 176.710007 54.900002 176.710007 54.900002 0.0 1 362 15 0 0 
0.000000
 1 234 234 p_trolloc_spawn_point_1 the_blight 1280 0 0 2 0 0 0 0 0 30.290001 103.330002 30.290001 103.330002 30.290001 103.330002 0.0 1 362 15 0 0 
0.000000
 1 235 235 p_trolloc_spawn_point_2 the_blight 1280 0 0 2 0 0 0 0 0 112.730003 136.539993 112.730003 136.539993 112.730003 136.539993 0.0 1 362 15 0 0 
0.000000
 1 236 236 p_trolloc_spawn_point_3 the_blight 1280 0 0 2 0 0 0 0 0 54.880001 141.320007 54.880001 141.320007 54.880001 141.320007 0.0 1 362 15 0 0 
0.000000
 1 237 237 p_trolloc_spawn_point_4 the_blight 1280 0 0 2 0 0 0 0 0 2.820000 161.830002 2.820000 161.830002 2.820000 161.830002 0.0 1 362 15 0 0 
0.000000
 1 238 238 p_trolloc_spawn_point_5 the_blight 1280 0 0 2 0 0 0 0 0 149.679993 164.759995 149.679993 164.759995 149.679993 164.759995 0.0 1 362 15 0 0 
0.000000
 1 239 239 p_spawn_points_end {!}last_spawn_point 1280 0 0 1 0 0 0 0 0 0.000000 0.000000 0.000000 0.000000 0.000000 0.000000 0.0 1 362 15 0 0 
0.000000
 1 240 240 p_reserved_1 {!}last_spawn_point 1280 0 0 1 0 0 0 0 0 0.000000 0.000000 0.000000 0.000000 0.000000 0.000000 0.0 1 362 15 0 0 
0.000000
 1 241 241 p_reserved_2 {!}last_spawn_point 1280 0 0 1 0 0 0 0 0 0.000000 0.000000 0.000000 0.000000 0.000000 0.000000 0.0 1 362 15 0 0 
0.000000
 1 242 242 p_reserved_3 {!}last_spawn_point 1280 0 0 1 0 0 0 0 0 0.000000 0.000000 0.000000 0.000000 0.000000 0.000000 0.0 1 362 15 0 0 
0.000000
 1 243 243 p_reserved_4 {!}last_spawn_point 1280 0 0 1 0 0 0 0 0 0.000000 0.000000 0.000000 0.000000 0.000000 0.000000 0.0 1 362 15 0 0 
0.000000
 1 244 244 p_reserved_5 {!}last_spawn_point 1280 0 0 1 0 0 0 0 0 0.000000 0.000000 0.000000 0.000000 0.000000 0.000000 0.0 1 362 15 0 0 
0.000000
