partiesfile version 1
355 355
 1 0 0 p_main_party Main_Party 1048576 0 0 35 0 0 0 0 0 17.000000 52.500000 17.000000 52.500000 17.000000 52.500000 0.0 1 0 1 0 0 
0.000000
 1 1 1 p_temp_party {!}temp_party 256 0 0 1 0 0 0 0 0 0.000000 0.000000 0.000000 0.000000 0.000000 0.000000 0.0 0 
0.000000
 1 2 2 p_camp_bandits {!}camp_bandits 256 0 0 2 0 0 0 0 0 1.000000 1.000000 1.000000 1.000000 1.000000 1.000000 0.0 1 3 3 0 0 
0.000000
 1 3 3 p_temp_party_2 {!}temp_party_2 256 0 0 1 0 0 0 0 0 0.000000 0.000000 0.000000 0.000000 0.000000 0.000000 0.0 0 
0.000000
 1 4 4 p_temp_casualties {!}casualties 256 0 0 3 0 0 0 0 0 1.000000 1.000000 1.000000 1.000000 1.000000 1.000000 0.0 0 
0.000000
 1 5 5 p_temp_casualties_2 {!}casualties 256 0 0 3 0 0 0 0 0 1.000000 1.000000 1.000000 1.000000 1.000000 1.000000 0.0 0 
0.000000
 1 6 6 p_temp_casualties_3 {!}casualties 256 0 0 3 0 0 0 0 0 1.000000 1.000000 1.000000 1.000000 1.000000 1.000000 0.0 0 
0.000000
 1 7 7 p_temp_wounded {!}enemies_wounded 256 0 0 3 0 0 0 0 0 1.000000 1.000000 1.000000 1.000000 1.000000 1.000000 0.0 0 
0.000000
 1 8 8 p_temp_killed {!}enemies_killed 256 0 0 3 0 0 0 0 0 1.000000 1.000000 1.000000 1.000000 1.000000 1.000000 0.0 0 
0.000000
 1 9 9 p_main_party_backup {!}_ 256 0 0 3 0 0 0 0 0 1.000000 1.000000 1.000000 1.000000 1.000000 1.000000 0.0 0 
0.000000
 1 10 10 p_encountered_party_backup {!}_ 256 0 0 3 0 0 0 0 0 1.000000 1.000000 1.000000 1.000000 1.000000 1.000000 0.0 0 
0.000000
 1 11 11 p_collective_friends_backup {!}_ 256 0 0 3 0 0 0 0 0 1.000000 1.000000 1.000000 1.000000 1.000000 1.000000 0.0 0 
0.000000
 1 12 12 p_player_casualties {!}_ 256 0 0 3 0 0 0 0 0 1.000000 1.000000 1.000000 1.000000 1.000000 1.000000 0.0 0 
0.000000
 1 13 13 p_enemy_casualties {!}_ 256 0 0 3 0 0 0 0 0 1.000000 1.000000 1.000000 1.000000 1.000000 1.000000 0.0 0 
0.000000
 1 14 14 p_ally_casualties {!}_ 256 0 0 3 0 0 0 0 0 1.000000 1.000000 1.000000 1.000000 1.000000 1.000000 0.0 0 
0.000000
 1 15 15 p_collective_enemy {!}collective_enemy 256 0 0 3 0 0 0 0 0 1.000000 1.000000 1.000000 1.000000 1.000000 1.000000 0.0 0 
0.000000
 1 16 16 p_collective_ally {!}collective_ally 256 0 0 3 0 0 0 0 0 1.000000 1.000000 1.000000 1.000000 1.000000 1.000000 0.0 0 
0.000000
 1 17 17 p_collective_friends {!}collective_ally 256 0 0 3 0 0 0 0 0 1.000000 1.000000 1.000000 1.000000 1.000000 1.000000 0.0 0 
0.000000
 1 18 18 p_total_enemy_casualties {!}_ 256 0 0 3 0 0 0 0 0 1.000000 1.000000 1.000000 1.000000 1.000000 1.000000 0.0 0 
0.000000
 1 19 19 p_routed_enemies {!}routed_enemies 256 0 0 3 0 0 0 0 0 1.000000 1.000000 1.000000 1.000000 1.000000 1.000000 0.0 0 
0.000000
 1 20 20 p_zendar Zendar 2114830 0 0 3 0 0 0 0 0 18.000000 60.000000 18.000000 60.000000 18.000000 60.000000 0.0 0 
0.000000
 1 21 21 p_town_1 Cairhien 4219918 0 0 3 0 0 0 0 0 81.230003 -6.600000 81.230003 -6.600000 81.230003 -6.600000 0.0 0 
2.967060
 1 22 22 p_town_2 Baerlon 4219918 0 0 3 0 0 0 0 0 -47.910000 -48.910000 -47.910000 -48.910000 -47.910000 -48.910000 0.0 0 
2.094395
 1 23 23 p_town_3 Caemlyn 4219918 0 0 3 0 0 0 0 0 31.230000 -58.380001 31.230000 -58.380001 31.230000 -58.380001 0.0 0 
1.396263
 1 24 24 p_town_4 Ebou_Dar 4219918 0 0 3 0 0 0 0 0 -29.870001 -152.009995 -29.870001 -152.009995 -29.870001 -152.009995 0.0 0 
5.061455
 1 25 25 p_town_5 Lugard 4219918 0 0 3 0 0 0 0 0 0.980000 -102.900002 0.980000 -102.900002 0.980000 -102.900002 0.0 0 
1.570796
 1 26 26 p_town_6 Bandar_Eban 4219918 0 0 3 0 0 0 0 0 -143.279999 4.790000 -143.279999 4.790000 -143.279999 4.790000 0.0 0 
2.705260
 1 27 27 p_town_7 Falme 4219918 0 0 3 0 0 0 0 0 -150.199997 -38.119999 -150.199997 -38.119999 -150.199997 -38.119999 0.0 0 
4.188790
 1 28 28 p_town_8 Tanchico 4219918 0 0 3 0 0 0 0 0 -143.160004 -85.250000 -143.160004 -85.250000 -143.160004 -85.250000 0.0 0 
3.054326
 1 29 29 p_town_9 Shol_Arbela 4219940 0 0 3 0 0 0 0 0 55.939999 71.629997 55.939999 71.629997 55.939999 71.629997 0.0 0 
1.570796
 1 30 30 p_town_10 Tear 4219919 0 0 3 0 0 0 0 0 60.930000 -132.610001 60.930000 -132.610001 60.930000 -132.610001 0.0 0 
5.410521
 1 31 31 p_town_11 Fal_Moran 4219940 0 0 3 0 0 0 0 0 98.180000 86.230003 98.180000 86.230003 98.180000 86.230003 0.0 0 
2.617994
 1 32 32 p_town_12 Mayene 4219918 0 0 3 0 0 0 0 0 133.490005 -147.960007 133.490005 -147.960007 133.490005 -147.960007 0.0 0 
0.436332
 1 33 33 p_town_13 Amador 4219918 0 0 3 0 0 0 0 0 -70.849998 -125.059998 -70.849998 -125.059998 -70.849998 -125.059998 0.0 0 
1.047198
 1 34 34 p_town_14 Jehannah 4219919 0 0 3 0 0 0 0 0 -57.759998 -86.650002 -57.759998 -86.650002 -57.759998 -86.650002 0.0 0 
2.356194
 1 35 35 p_town_15 Far_Madding 4219918 0 0 3 0 0 0 0 0 26.230000 -97.430000 26.230000 -97.430000 26.230000 -97.430000 0.0 0 
0.785398
 1 36 36 p_town_16 So_Habor 4219918 0 0 3 0 0 0 0 0 -20.740000 -115.629997 -20.740000 -115.629997 -20.740000 -115.629997 0.0 0 
0.000000
 1 37 37 p_town_17 Chachin 4219919 0 0 3 0 0 0 0 0 23.900000 65.480003 23.900000 65.480003 23.900000 65.480003 0.0 0 
1.570796
 1 38 38 p_town_18 Maradon 4219919 0 0 3 0 0 0 0 0 -7.640000 72.279999 -7.640000 72.279999 -7.640000 72.279999 0.0 0 
2.356194
 1 39 39 p_town_19 Tar_Valon 4219920 0 0 3 0 0 0 0 0 58.709999 21.389999 58.709999 21.389999 58.709999 21.389999 0.0 0 
0.785398
 1 40 40 p_town_20 Shayol_Ghul 4219920 0 0 3 0 0 0 0 0 91.339996 160.149994 91.339996 160.149994 91.339996 160.149994 0.0 0 
4.712389
 1 41 41 p_town_21 Rhuidean 4219920 0 0 3 0 0 0 0 0 176.050003 -2.680000 176.050003 -2.680000 176.050003 -2.680000 0.0 0 
5.759586
 1 42 42 p_town_22 Illian 4219920 0 0 3 0 0 0 0 0 18.850000 -156.000000 18.850000 -156.000000 18.850000 -156.000000 0.0 0 
3.926991
 1 43 43 p_town_23 The_Black_Tower 4219918 0 0 3 0 0 0 0 0 49.959999 -82.010002 49.959999 -82.010002 49.959999 -82.010002 0.0 0 
2.967060
 1 44 44 p_town_24 Red_Hand_Encampment 4219918 0 0 3 0 0 0 0 0 65.709999 -71.639999 65.709999 -71.639999 65.709999 -71.639999 0.0 0 
2.094395
 1 45 45 p_town_25 Cold_Rocks_Hold 4219920 0 0 3 0 0 0 0 0 200.169998 33.590000 200.169998 33.590000 200.169998 33.590000 0.0 0 
1.396263
 1 46 46 p_town_26 Seandar 4219918 0 0 3 0 0 0 0 0 -270.950012 -49.070000 -270.950012 -49.070000 -270.950012 -49.070000 0.0 0 
5.061455
 1 47 47 p_town_27 Shon_Kifar 4219919 0 0 3 0 0 0 0 0 -208.710007 -234.550003 -208.710007 -234.550003 -208.710007 -234.550003 0.0 0 
1.570796
 1 48 48 p_town_28 Rampore 4219918 0 0 3 0 0 0 0 0 -222.960007 -303.239990 -222.960007 -303.239990 -222.960007 -303.239990 0.0 0 
2.705260
 1 49 49 p_town_29 Moridin's_Fortress 4219940 0 0 3 0 0 0 0 0 -7.200000 153.229996 -7.200000 153.229996 -7.200000 153.229996 0.0 0 
4.188790
 1 50 50 p_town_30 Paranfur 4219919 0 0 3 0 0 0 0 0 255.050003 27.100000 255.050003 27.100000 255.050003 27.100000 0.0 0 
3.054326
 1 51 51 p_town_31 Kyutamar 4219918 0 0 3 0 0 0 0 0 203.500000 -35.540001 203.500000 -35.540001 203.500000 -35.540001 0.0 0 
1.570796
 1 52 52 p_town_32 Sen'Lomar 4219918 0 0 3 0 0 0 0 0 267.040009 -225.360001 267.040009 -225.360001 267.040009 -225.360001 0.0 0 
5.410521
 1 53 53 p_town_33 Tremalking 4219918 0 0 3 0 0 0 0 0 -208.289993 -168.369995 -208.289993 -168.369995 -208.289993 -168.369995 0.0 0 
2.617994
 1 54 54 p_town_34 Quaim 4219918 0 0 3 0 0 0 0 0 -76.989998 -187.929993 -76.989998 -187.929993 -76.989998 -187.929993 0.0 0 
0.436332
 1 55 55 p_town_35 Somera 4219918 0 0 3 0 0 0 0 0 -181.759995 -37.759998 -181.759995 -37.759998 -181.759995 -37.759998 0.0 0 
1.047198
 1 56 56 p_town_36 Wendale 4219920 0 0 3 0 0 0 0 0 11.080000 -269.480011 11.080000 -269.480011 11.080000 -269.480011 0.0 0 
2.356194
 1 57 57 p_town_37 Kaldeske 4219919 0 0 3 0 0 0 0 0 -34.669998 -297.170013 -34.669998 -297.170013 -34.669998 -297.170013 0.0 0 
0.785398
 1 58 58 p_town_38 Ebene 4219919 0 0 3 0 0 0 0 0 91.669998 -279.980011 91.669998 -279.980011 91.669998 -279.980011 0.0 0 
0.000000
 1 59 59 p_castle_1 Culmarah 4215840 0 0 3 0 0 0 0 0 79.790001 -127.559998 79.790001 -127.559998 79.790001 -127.559998 0.0 0 
0.872665
 1 60 60 p_castle_2 Bellon 4215841 0 0 3 0 0 0 0 0 -67.739998 -126.029999 -67.739998 -126.029999 -67.739998 -126.029999 0.0 0 
1.308997
 1 61 61 p_castle_3 Fortress_of_the_Light 4215840 0 0 3 0 0 0 0 0 -67.750000 -130.990005 -67.750000 -130.990005 -67.750000 -130.990005 0.0 0 
1.745329
 1 62 62 p_castle_4 Stone_of_Tear 4215842 0 0 3 0 0 0 0 0 60.970001 -129.149994 60.970001 -129.149994 60.970001 -129.149994 0.0 0 
3.141593
 1 63 63 p_castle_5 Whitebridge 4215842 0 0 3 0 0 0 0 0 -3.360000 -74.720001 -3.360000 -74.720001 -3.360000 -74.720001 0.0 0 
1.570796
 1 64 64 p_castle_6 Kandelmar 4215840 0 0 3 0 0 0 0 0 -80.519997 -17.900000 -80.519997 -17.900000 -80.519997 -17.900000 0.0 0 
0.959931
 1 65 65 p_castle_7 Shall's_Hill 4215845 0 0 3 0 0 0 0 0 -23.520000 47.509998 -23.520000 47.509998 -23.520000 47.509998 0.0 0 
0.785398
 1 66 66 p_castle_8 Boannda 4215840 0 0 3 0 0 0 0 0 -40.490002 -100.339996 -40.490002 -100.339996 -40.490002 -100.339996 0.0 0 
0.523599
 1 67 67 p_castle_9 Jamyrna 4215840 0 0 3 0 0 0 0 0 20.490000 -115.410004 20.490000 -115.410004 20.490000 -115.410004 0.0 0 
1.745329
 1 68 68 p_castle_10 Taren_Ferry 4215840 0 0 3 0 0 0 0 0 -53.959999 -57.060001 -53.959999 -57.060001 -53.959999 -57.060001 0.0 0 
1.919862
 1 69 69 p_castle_11 Trustair 4215840 0 0 3 0 0 0 0 0 7.710000 -87.089996 7.710000 -87.089996 7.710000 -87.089996 0.0 0 
1.308997
 1 70 70 p_castle_12 Malden 4215841 0 0 3 0 0 0 0 0 -14.410000 -130.720001 -14.410000 -130.720001 -14.410000 -130.720001 0.0 0 
1.658063
 1 71 71 p_castle_13 Kelredan 4215840 0 0 3 0 0 0 0 0 95.669998 -22.260000 95.669998 -22.260000 95.669998 -22.260000 0.0 0 
2.007129
 1 72 72 p_castle_14 Aringill 4215842 0 0 3 0 0 0 0 0 50.349998 -60.840000 50.349998 -60.840000 50.349998 -60.840000 0.0 0 
1.570796
 1 73 73 p_castle_15 Jorn_Hill 4215840 0 0 3 0 0 0 0 0 28.420000 -46.130001 28.420000 -46.130001 28.420000 -46.130001 0.0 0 
4.101524
 1 74 74 p_castle_16 New_Braem 4215842 0 0 3 0 0 0 0 0 33.419998 -46.689999 33.419998 -46.689999 33.419998 -46.689999 0.0 0 
0.785398
 1 75 75 p_castle_17 Samara 4215840 0 0 3 0 0 0 0 0 -50.459999 -93.809998 -50.459999 -93.809998 -50.459999 -93.809998 0.0 0 
0.261799
 1 76 76 p_castle_18 Fal_Eisen 4215845 0 0 3 0 0 0 0 0 82.970001 79.199997 82.970001 79.199997 82.970001 79.199997 0.0 0 
5.235988
 1 77 77 p_castle_19 Canluum 4215845 0 0 3 0 0 0 0 0 34.090000 69.010002 34.090000 69.010002 34.090000 69.010002 0.0 0 
4.886922
 1 78 78 p_castle_20 Duntara 4215840 0 0 3 0 0 0 0 0 -103.690002 -4.320000 -103.690002 -4.320000 -103.690002 -4.320000 0.0 0 
4.537856
 1 79 79 p_castle_21 Irundin 4215840 0 0 3 0 0 0 0 0 -19.250000 -62.450001 -19.250000 -62.450001 -19.250000 -62.450001 0.0 0 
4.537856
 1 80 80 p_castle_22 Semuldar 4215840 0 0 3 0 0 0 0 0 48.049999 -125.980003 48.049999 -125.980003 48.049999 -125.980003 0.0 0 
4.537856
 1 81 81 p_castle_23 Tevarin 4215840 0 0 3 0 0 0 0 0 63.770000 -55.700001 63.770000 -55.700001 63.770000 -55.700001 0.0 0 
1.396263
 1 82 82 p_castle_24 Ravin'dar 4215840 0 0 3 0 0 0 0 0 -2.230000 -131.509995 -2.230000 -131.509995 -2.230000 -131.509995 0.0 0 
4.537856
 1 83 83 p_castle_25 Alkindar 4215840 0 0 3 0 0 0 0 0 -28.530001 -142.520004 -28.530001 -142.520004 -28.530001 -142.520004 0.0 0 
4.537856
 1 84 84 p_castle_26 Cormaed 4215840 0 0 3 0 0 0 0 0 -21.180000 -134.240005 -21.180000 -134.240005 -21.180000 -134.240005 0.0 0 
4.537856
 1 85 85 p_castle_27 Handara 4215840 0 0 3 0 0 0 0 0 12.200000 -136.210007 12.200000 -136.210007 12.200000 -136.210007 0.0 0 
4.537856
 1 86 86 p_castle_28 Grund's_Pass 4215840 0 0 3 0 0 0 0 0 -35.490002 -128.850006 -35.490002 -128.850006 -35.490002 -128.850006 0.0 0 
4.537856
 1 87 87 p_castle_29 Fal_Dara 4215845 0 0 3 0 0 0 0 0 105.779999 96.660004 105.779999 96.660004 105.779999 96.660004 0.0 0 
4.886922
 1 88 88 p_castle_30 Sienda 4215843 0 0 3 0 0 0 0 0 -57.740002 -110.489998 -57.740002 -110.489998 -57.740002 -110.489998 0.0 0 
4.537856
 1 89 89 p_castle_31 Vyincourd 4215840 0 0 3 0 0 0 0 0 6.790000 -60.590000 6.790000 -60.590000 6.790000 -60.590000 0.0 0 
4.537856
 1 90 90 p_castle_32 Katar 4215840 0 0 3 0 0 0 0 0 -81.150002 -29.959999 -81.150002 -29.959999 -81.150002 -29.959999 0.0 0 
4.537856
 1 91 91 p_castle_33 Trosan 4215840 0 0 3 0 0 0 0 0 91.190002 -104.889999 91.190002 -104.889999 91.190002 -104.889999 0.0 0 
1.396263
 1 92 92 p_castle_34 Salidar 4215840 0 0 3 0 0 0 0 0 -17.209999 -125.900002 -17.209999 -125.900002 -17.209999 -125.900002 0.0 0 
4.537856
 1 93 93 p_castle_35 Haringate 4215840 0 0 3 0 0 0 0 0 55.619999 -22.309999 55.619999 -22.309999 55.619999 -22.309999 0.0 0 
4.537856
 1 94 94 p_castle_36 Jurador 4215840 0 0 3 0 0 0 0 0 -18.280001 -141.550003 -18.280001 -141.550003 -18.280001 -141.550003 0.0 0 
4.537856
 1 95 95 p_castle_37 Godan 4215842 0 0 3 0 0 0 0 0 124.449997 -141.720001 124.449997 -141.720001 124.449997 -141.720001 0.0 0 
4.537856
 1 96 96 p_castle_38 Red_Water_Hold 4215843 0 0 3 0 0 0 0 0 173.910004 92.739998 173.910004 92.739998 173.910004 92.739998 0.0 0 
4.537856
 1 97 97 p_castle_39 Unuzda 4215845 0 0 3 0 0 0 0 0 -0.890000 53.650002 -0.890000 53.650002 -0.890000 53.650002 0.0 0 
4.886922
 1 98 98 p_castle_40 Irinjavar 4215843 0 0 3 0 0 0 0 0 -27.250000 22.160000 -27.250000 22.160000 -27.250000 22.160000 0.0 0 
4.537856
 1 99 99 p_castle_41 Luagde 4215843 0 0 3 0 0 0 0 0 58.660000 30.020000 58.660000 30.020000 58.660000 30.020000 0.0 0 
4.537856
 1 100 100 p_castle_42 Darein 4215843 0 0 3 0 0 0 0 0 48.619999 18.639999 48.619999 18.639999 48.619999 18.639999 0.0 0 
1.396263
 1 101 101 p_castle_43 Two_Spires_Hold 4215843 0 0 3 0 0 0 0 0 156.429993 37.430000 156.429993 37.430000 156.429993 37.430000 0.0 0 
4.537856
 1 102 102 p_castle_44 Taien 4215843 0 0 3 0 0 0 0 0 138.750000 15.530000 138.750000 15.530000 138.750000 15.530000 0.0 0 
4.537856
 1 103 103 p_castle_45 Shende_Hold 4215843 0 0 3 0 0 0 0 0 173.539993 -61.349998 173.539993 -61.349998 173.539993 -61.349998 0.0 0 
4.537856
 1 104 104 p_castle_46 Hot_Springs_Hold 4215843 0 0 3 0 0 0 0 0 185.949997 13.710000 185.949997 13.710000 185.949997 13.710000 0.0 0 
4.537856
 1 105 105 p_castle_47 Alindaer 4215843 0 0 3 0 0 0 0 0 54.630001 0.980000 54.630001 0.980000 54.630001 0.980000 0.0 0 
4.537856
 1 106 106 p_castle_48 Spine_Ridge_Hold 4215843 0 0 3 0 0 0 0 0 175.179993 65.339996 175.179993 65.339996 175.179993 65.339996 0.0 0 
4.537856
 1 107 107 p_castle_49 Legion_Army_Encampment 4215840 0 0 3 0 0 0 0 0 53.840000 -91.070000 53.840000 -91.070000 53.840000 -91.070000 0.0 0 
0.872665
 1 108 108 p_castle_50 Red_Hand_Stronghold 4215840 0 0 3 0 0 0 0 0 80.629997 -62.410000 80.629997 -62.410000 80.629997 -62.410000 0.0 0 
1.308997
 1 109 109 p_castle_51 Farsiden 4215841 0 0 3 0 0 0 0 0 -93.269997 -101.110001 -93.269997 -101.110001 -93.269997 -101.110001 0.0 0 
1.745329
 1 110 110 p_castle_52 King's_Crossing 4215841 0 0 3 0 0 0 0 0 -79.010002 -127.889999 -79.010002 -127.889999 -79.010002 -127.889999 0.0 0 
3.141593
 1 111 111 p_castle_53 Whitecloak_Encampment 4215841 0 0 3 0 0 0 0 0 -47.349998 -134.539993 -47.349998 -134.539993 -47.349998 -134.539993 0.0 0 
1.570796
 1 112 112 p_castle_54 Hot_Springs_Hold 4215843 0 0 3 0 0 0 0 0 218.399994 72.309998 218.399994 72.309998 218.399994 72.309998 0.0 0 
0.959931
 1 113 113 p_castle_55 Ancarid 4215840 0 0 3 0 0 0 0 0 -224.960007 33.950001 -224.960007 33.950001 -224.960007 33.950001 0.0 0 
0.785398
 1 114 114 p_castle_56 Tuel 4215843 0 0 3 0 0 0 0 0 -270.899994 -105.230003 -270.899994 -105.230003 -270.899994 -105.230003 0.0 0 
0.523599
 1 115 115 p_castle_57 Semalaren 4215840 0 0 3 0 0 0 0 0 -177.820007 -294.589996 -177.820007 -294.589996 -177.820007 -294.589996 0.0 0 
1.745329
 1 116 116 p_castle_58 Bhan'sheen_Stronghold 4215845 0 0 3 0 0 0 0 0 -213.779999 173.479996 -213.779999 173.479996 -213.779999 173.479996 0.0 0 
1.919862
 1 117 117 p_castle_59 Dha'vol_Stronghold 4215845 0 0 3 0 0 0 0 0 181.970001 180.119995 181.970001 180.119995 181.970001 180.119995 0.0 0 
1.308997
 1 118 118 p_castle_60 Sh'bo_Stronghold 4215840 0 0 3 0 0 0 0 0 219.570007 -38.459999 219.570007 -38.459999 219.570007 -38.459999 0.0 0 
1.658063
 1 119 119 p_castle_61 Ayyad_Stronghold 4215840 0 0 3 0 0 0 0 0 250.729996 -96.400002 250.729996 -96.400002 250.729996 -96.400002 0.0 0 
2.007129
 1 120 120 p_castle_62 Sh'bo_Retreat 4215840 0 0 3 0 0 0 0 0 246.139999 -148.580002 246.139999 -148.580002 246.139999 -148.580002 0.0 0 
1.570796
 1 121 121 p_castle_63 Cindaking 4215840 0 0 3 0 0 0 0 0 122.550003 -167.690002 122.550003 -167.690002 122.550003 -167.690002 0.0 0 
4.101524
 1 122 122 p_castle_64 Jafar 4215840 0 0 3 0 0 0 0 0 -192.059998 -99.410004 -192.059998 -99.410004 -192.059998 -99.410004 0.0 0 
0.785398
 1 123 123 p_castle_65 Dashar 4215840 0 0 3 0 0 0 0 0 -168.080002 63.290001 -168.080002 63.290001 -168.080002 63.290001 0.0 0 
0.261799
 1 124 124 p_castle_66 Bazh'rak 4215843 0 0 3 0 0 0 0 0 -72.690002 -278.410004 -72.690002 -278.410004 -72.690002 -278.410004 0.0 0 
5.235988
 1 125 125 p_castle_67 Marensef 4215843 0 0 3 0 0 0 0 0 -32.650002 -270.209991 -32.650002 -270.209991 -32.650002 -270.209991 0.0 0 
4.886922
 1 126 126 p_castle_68 Falkreit 4215841 0 0 3 0 0 0 0 0 80.099998 -302.489990 80.099998 -302.489990 80.099998 -302.489990 0.0 0 
4.537856
 1 127 127 p_castle_69 Amdean 4215840 0 0 3 0 0 0 0 0 -130.899994 -25.790001 -130.899994 -25.790001 -130.899994 -25.790001 0.0 0 
4.537856
 1 128 128 p_castle_70 Jorem 4215845 0 0 3 0 0 0 0 0 44.450001 70.769997 44.450001 70.769997 44.450001 70.769997 0.0 0 
5.672320
 1 129 129 p_village_1 Yaragar 2114577 0 0 3 0 0 0 0 0 96.779999 -124.790001 96.779999 -124.790001 96.779999 -124.790001 0.0 0 
1.745329
 1 130 130 p_village_2 So_Eban 2114577 0 0 3 0 0 0 0 0 -21.240000 -124.070000 -21.240000 -124.070000 -21.240000 -124.070000 0.0 0 
1.919862
 1 131 131 p_village_3 Azgad 2114577 0 0 3 0 0 0 0 0 -119.519997 -21.799999 -119.519997 -21.799999 -119.519997 -21.799999 0.0 0 
2.094395
 1 132 132 p_village_4 Market_Sheran 2114577 0 0 3 0 0 0 0 0 21.330000 -63.549999 21.330000 -63.549999 21.330000 -63.549999 0.0 0 
2.268928
 1 133 133 p_village_5 Solanje 2114577 0 0 3 0 0 0 0 0 -123.279999 -9.360000 -123.279999 -9.360000 -123.279999 -9.360000 0.0 0 
2.967060
 1 134 134 p_village_6 Emirin 2114577 0 0 3 0 0 0 0 0 -14.350000 21.629999 -14.350000 21.629999 -14.350000 21.629999 0.0 0 
1.745329
 1 135 135 p_village_7 Amere 2114577 0 0 3 0 0 0 0 0 -6.780000 42.540001 -6.780000 42.540001 -6.780000 42.540001 0.0 0 
1.919862
 1 136 136 p_village_8 Haen 2114577 0 0 3 0 0 0 0 0 26.719999 -136.320007 26.719999 -136.320007 26.719999 -136.320007 0.0 0 
2.094395
 1 137 137 p_village_9 Arien 2114577 0 0 3 0 0 0 0 0 8.350000 -70.949997 8.350000 -70.949997 8.350000 -70.949997 0.0 0 
2.268928
 1 138 138 p_village_10 Mechin 2114577 0 0 3 0 0 0 0 0 51.139999 -133.860001 51.139999 -133.860001 51.139999 -133.860001 0.0 0 
2.967060
 1 139 139 p_village_11 Ravinda 2114577 0 0 3 0 0 0 0 0 29.190001 66.930000 29.190001 66.930000 29.190001 66.930000 0.0 0 
1.745329
 1 140 140 p_village_12 Sheldyn 2114577 0 0 3 0 0 0 0 0 -13.220000 -73.339996 -13.220000 -73.339996 -13.220000 -73.339996 0.0 0 
1.919862
 1 141 141 p_village_13 Ionin_Spring 2114577 0 0 3 0 0 0 0 0 -9.550000 -123.900002 -9.550000 -123.900002 -9.550000 -123.900002 0.0 0 
2.094395
 1 142 142 p_village_14 Samaha 2114577 0 0 3 0 0 0 0 0 -40.660000 -86.709999 -40.660000 -86.709999 -40.660000 -86.709999 0.0 0 
2.268928
 1 143 143 p_village_15 Ryibelet 2114577 0 0 3 0 0 0 0 0 68.720001 -35.950001 68.720001 -35.950001 68.720001 -35.950001 0.0 0 
2.967060
 1 144 144 p_village_16 Sekhtem 2114586 0 0 3 0 0 0 0 0 -37.209999 54.490002 -37.209999 54.490002 -37.209999 54.490002 0.0 0 
2.967060
 1 145 145 p_village_17 Jakanda 2114586 0 0 3 0 0 0 0 0 49.150002 63.430000 49.150002 63.430000 49.150002 63.430000 0.0 0 
0.610865
 1 146 146 p_village_18 Aab 2114586 0 0 3 0 0 0 0 0 37.360001 55.540001 37.360001 55.540001 37.360001 55.540001 0.0 0 
2.967060
 1 147 147 p_village_19 Camron_Caan 2114586 0 0 3 0 0 0 0 0 98.820000 74.779999 98.820000 74.779999 98.820000 74.779999 0.0 0 
2.967060
 1 148 148 p_village_20 Iqbayl 2114586 0 0 3 0 0 0 0 0 -26.610001 60.029999 -26.610001 60.029999 -26.610001 60.029999 0.0 0 
2.967060
 1 149 149 p_village_21 Manala 2114586 0 0 3 0 0 0 0 0 13.570000 64.970001 13.570000 64.970001 13.570000 64.970001 0.0 0 
1.745329
 1 150 150 p_village_22 Mos_Shirare 2114586 0 0 3 0 0 0 0 0 89.720001 63.080002 89.720001 63.080002 89.720001 63.080002 0.0 0 
1.919862
 1 151 151 p_village_23 Ilvia 2114577 0 0 3 0 0 0 0 0 -25.410000 -57.990002 -25.410000 -57.990002 -25.410000 -57.990002 0.0 0 
2.094395
 1 152 152 p_village_24 Kore_Springs 2114577 0 0 3 0 0 0 0 0 20.500000 -44.910000 20.500000 -44.910000 20.500000 -44.910000 0.0 0 
2.268928
 1 153 153 p_village_25 Dashbigha 2114577 0 0 3 0 0 0 0 0 15.430000 -117.989998 15.430000 -117.989998 15.430000 -117.989998 0.0 0 
2.967060
 1 154 154 p_village_26 Weesin 2114577 0 0 3 0 0 0 0 0 -28.959999 -145.110001 -28.959999 -145.110001 -28.959999 -145.110001 0.0 0 
2.967060
 1 155 155 p_village_27 Glunmar 2114577 0 0 3 0 0 0 0 0 52.509998 -124.510002 52.509998 -124.510002 52.509998 -124.510002 0.0 0 
2.967060
 1 156 156 p_village_28 Rushdigh 2114577 0 0 3 0 0 0 0 0 22.400000 -140.850006 22.400000 -140.850006 22.400000 -140.850006 0.0 0 
2.967060
 1 157 157 p_village_29 Marella 2114577 0 0 3 0 0 0 0 0 -5.270000 -119.510002 -5.270000 -119.510002 -5.270000 -119.510002 0.0 0 
2.967060
 1 158 158 p_village_30 Ruvar 2114577 0 0 3 0 0 0 0 0 -14.990000 40.060001 -14.990000 40.060001 -14.990000 40.060001 0.0 0 
2.967060
 1 159 159 p_village_31 Soremaine 2114577 0 0 3 0 0 0 0 0 4.070000 -132.229996 4.070000 -132.229996 4.070000 -132.229996 0.0 0 
1.745329
 1 160 160 p_village_32 Sidon 2114577 0 0 3 0 0 0 0 0 -43.820000 -90.930000 -43.820000 -90.930000 -43.820000 -90.930000 0.0 0 
1.919862
 1 161 161 p_village_33 Coramen 2114577 0 0 3 0 0 0 0 0 -23.809999 -141.729996 -23.809999 -141.729996 -23.809999 -141.729996 0.0 0 
2.094395
 1 162 162 p_village_34 Daghain 2114577 0 0 3 0 0 0 0 0 68.089996 24.980000 68.089996 24.980000 68.089996 24.980000 0.0 0 
2.268928
 1 163 163 p_village_35 Fearichen 2114577 0 0 3 0 0 0 0 0 -109.800003 8.760000 -109.800003 8.760000 -109.800003 8.760000 0.0 0 
2.967060
 1 164 164 p_village_36 Jayek 2114577 0 0 3 0 0 0 0 0 -80.269997 -38.250000 -80.269997 -38.250000 -80.269997 -38.250000 0.0 0 
2.967060
 1 165 165 p_village_37 Ada_Kulun 2114577 0 0 3 0 0 0 0 0 115.290001 -136.639999 115.290001 -136.639999 115.290001 -136.639999 0.0 0 
2.967060
 1 166 166 p_village_38 Moisen 2114577 0 0 3 0 0 0 0 0 -6.400000 -135.830002 -6.400000 -135.830002 -6.400000 -135.830002 0.0 0 
2.967060
 1 167 167 p_village_39 Reveran 2114577 0 0 3 0 0 0 0 0 47.549999 -64.209999 47.549999 -64.209999 47.549999 -64.209999 0.0 0 
2.967060
 1 168 168 p_village_40 Saren 2114577 0 0 3 0 0 0 0 0 93.440002 -92.820000 93.440002 -92.820000 93.440002 -92.820000 0.0 0 
2.967060
 1 169 169 p_village_41 Alcruna 2114577 0 0 3 0 0 0 0 0 -101.220001 -75.320000 -101.220001 -75.320000 -101.220001 -75.320000 0.0 0 
1.745329
 1 170 170 p_village_42 Whitecloak_Training_Ground 2114577 0 0 3 0 0 0 0 0 -55.439999 -128.470001 -55.439999 -128.470001 -55.439999 -128.470001 0.0 0 
1.919862
 1 171 171 p_village_43 Coron_Ford 2114577 0 0 3 0 0 0 0 0 -80.750000 -3.300000 -80.750000 -3.300000 -80.750000 -3.300000 0.0 0 
2.094395
 1 172 172 p_village_44 Mehar 2114577 0 0 3 0 0 0 0 0 -35.750000 42.680000 -35.750000 42.680000 -35.750000 42.680000 0.0 0 
2.268928
 1 173 173 p_village_45 Ankor_Dail 2114577 0 0 3 0 0 0 0 0 118.070000 79.769997 118.070000 79.769997 118.070000 79.769997 0.0 0 
2.967060
 1 174 174 p_village_46 Glancor 2114577 0 0 3 0 0 0 0 0 31.920000 -92.190002 31.920000 -92.190002 31.920000 -92.190002 0.0 0 
2.967060
 1 175 175 p_village_47 Breen's_Spring 2114577 0 0 3 0 0 0 0 0 22.809999 -61.389999 22.809999 -61.389999 22.809999 -61.389999 0.0 0 
2.967060
 1 176 176 p_village_48 So_Tehar 2114577 0 0 3 0 0 0 0 0 -28.620001 -149.440002 -28.620001 -149.440002 -28.620001 -149.440002 0.0 0 
2.967060
 1 177 177 p_village_49 Fal_Sion 2114586 0 0 3 0 0 0 0 0 80.709999 72.519997 80.709999 72.519997 80.709999 72.519997 0.0 0 
0.174533
 1 178 178 p_village_50 Tifan's_Well 2114586 0 0 3 0 0 0 0 0 67.180000 69.559998 67.180000 69.559998 67.180000 69.559998 0.0 0 
2.967060
 1 179 179 p_village_51 Sehar 2114577 0 0 3 0 0 0 0 0 -21.260000 -130.770004 -21.260000 -130.770004 -21.260000 -130.770004 0.0 0 
1.745329
 1 180 180 p_village_52 Kayacun 2114577 0 0 3 0 0 0 0 0 -31.469999 67.720001 -31.469999 67.720001 -31.469999 67.720001 0.0 0 
1.919862
 1 181 181 p_village_53 Tremonsien 2114577 0 0 3 0 0 0 0 0 89.000000 6.880000 89.000000 6.880000 89.000000 6.880000 0.0 0 
2.094395
 1 182 182 p_village_54 Qalyut 2114577 0 0 3 0 0 0 0 0 -42.650002 26.110001 -42.650002 26.110001 -42.650002 26.110001 0.0 0 
2.268928
 1 183 183 p_village_55 Elmora 2114577 0 0 3 0 0 0 0 0 -114.779999 -103.550003 -114.779999 -103.550003 -114.779999 -103.550003 0.0 0 
2.967060
 1 184 184 p_village_56 Morelle 2114577 0 0 3 0 0 0 0 0 84.839996 -39.919998 84.839996 -39.919998 84.839996 -39.919998 0.0 0 
2.967060
 1 185 185 p_village_57 Ushkuru 2114577 0 0 3 0 0 0 0 0 5.080000 -112.550003 5.080000 -112.550003 5.080000 -112.550003 0.0 0 
2.967060
 1 186 186 p_village_58 Maracru 2114577 0 0 3 0 0 0 0 0 -126.599998 -95.379997 -126.599998 -95.379997 -126.599998 -95.379997 0.0 0 
2.967060
 1 187 187 p_village_59 Buryhill 2114577 0 0 3 0 0 0 0 0 16.240000 -75.169998 16.240000 -75.169998 16.240000 -75.169998 0.0 0 
2.967060
 1 188 188 p_village_60 Jurene 2114577 0 0 3 0 0 0 0 0 52.450001 -19.719999 52.450001 -19.719999 52.450001 -19.719999 0.0 0 
2.967060
 1 189 189 p_village_61 Mosra 2114577 0 0 3 0 0 0 0 0 -23.410000 -120.589996 -23.410000 -120.589996 -23.410000 -120.589996 0.0 0 
1.745329
 1 190 190 p_village_62 Tilimsal 2114577 0 0 3 0 0 0 0 0 64.910004 61.830002 64.910004 61.830002 64.910004 61.830002 0.0 0 
1.745329
 1 191 191 p_village_63 Serana 2114577 0 0 3 0 0 0 0 0 -106.570000 -102.050003 -106.570000 -102.050003 -106.570000 -102.050003 0.0 0 
1.745329
 1 192 192 p_village_64 Carysford 2114577 0 0 3 0 0 0 0 0 26.500000 -60.060001 26.500000 -60.060001 26.500000 -60.060001 0.0 0 
1.745329
 1 193 193 p_village_65 Maerone 2114577 0 0 3 0 0 0 0 0 56.090000 -58.610001 56.090000 -58.610001 56.090000 -58.610001 0.0 0 
1.745329
 1 194 194 p_village_66 Cosamelle 2114577 0 0 3 0 0 0 0 0 -59.529999 -79.550003 -59.529999 -79.550003 -59.529999 -79.550003 0.0 0 
1.745329
 1 195 195 p_village_67 Bethal 2114577 0 0 3 0 0 0 0 0 -47.860001 -79.419998 -47.860001 -79.419998 -47.860001 -79.419998 0.0 0 
1.745329
 1 196 196 p_village_68 Comfrey 2114577 0 0 3 0 0 0 0 0 -44.630001 -40.560001 -44.630001 -40.560001 -44.630001 -40.560001 0.0 0 
1.745329
 1 197 197 p_village_69 Eianrod 2114577 0 0 3 0 0 0 0 0 111.059998 -8.150000 111.059998 -8.150000 111.059998 -8.150000 0.0 0 
1.745329
 1 198 198 p_village_70 Cullen's_Crossing 2114577 0 0 3 0 0 0 0 0 34.200001 -65.389999 34.200001 -65.389999 34.200001 -65.389999 0.0 0 
1.745329
 1 199 199 p_village_71 Damelien 2114577 0 0 3 0 0 0 0 0 23.000000 -71.139999 23.000000 -71.139999 23.000000 -71.139999 0.0 0 
0.349066
 1 200 200 p_village_72 Nor_Chasen 2114577 0 0 3 0 0 0 0 0 -19.950001 -146.830002 -19.950001 -146.830002 -19.950001 -146.830002 0.0 0 
1.047198
 1 201 201 p_village_73 Danabar 2114577 0 0 3 0 0 0 0 0 27.700001 -76.379997 27.700001 -76.379997 27.700001 -76.379997 0.0 0 
0.959931
 1 202 202 p_village_74 Jarra 2114577 0 0 3 0 0 0 0 0 -55.840000 -91.019997 -55.840000 -91.019997 -55.840000 -91.019997 0.0 0 
0.261799
 1 203 203 p_village_75 Medo 2114586 0 0 3 0 0 0 0 0 88.879997 89.050003 88.879997 89.050003 88.879997 89.050003 0.0 0 
0.174533
 1 204 204 p_village_76 Maseen 2114577 0 0 3 0 0 0 0 0 -100.860001 -18.160000 -100.860001 -18.160000 -100.860001 -18.160000 0.0 0 
0.610865
 1 205 205 p_village_77 Hinderstap 2114577 0 0 3 0 0 0 0 0 1.010000 -89.809998 1.010000 -89.809998 1.010000 -89.809998 0.0 0 
2.792527
 1 206 206 p_village_78 Forel_Market 2114577 0 0 3 0 0 0 0 0 28.549999 -67.290001 28.549999 -67.290001 28.549999 -67.290001 0.0 0 
3.141593
 1 207 207 p_village_79 Four_Kings 2114577 0 0 3 0 0 0 0 0 17.370001 -65.099998 17.370001 -65.099998 17.370001 -65.099998 0.0 0 
0.000000
 1 208 208 p_village_80 Osenrein 2114577 0 0 3 0 0 0 0 0 72.629997 14.980000 72.629997 14.980000 72.629997 14.980000 0.0 0 
0.698132
 1 209 209 p_village_81 Mindea 2114577 0 0 3 0 0 0 0 0 8.850000 -102.940002 8.850000 -102.940002 8.850000 -102.940002 0.0 0 
0.349066
 1 210 210 p_village_82 Jualde 2114577 0 0 3 0 0 0 0 0 45.520000 31.650000 45.520000 31.650000 45.520000 31.650000 0.0 0 
1.047198
 1 211 211 p_village_83 Brytan 2114577 0 0 3 0 0 0 0 0 -25.309999 -99.029999 -25.309999 -99.029999 -25.309999 -99.029999 0.0 0 
0.959931
 1 212 212 p_village_84 Daigan 2114577 0 0 3 0 0 0 0 0 27.370001 -102.510002 27.370001 -102.510002 27.370001 -102.510002 0.0 0 
0.261799
 1 213 213 p_village_85 Tazjunat 2114586 0 0 3 0 0 0 0 0 26.120001 55.750000 26.120001 55.750000 26.120001 55.750000 0.0 0 
0.174533
 1 214 214 p_village_86 Uzgha 2114586 0 0 3 0 0 0 0 0 -17.100000 60.669998 -17.100000 60.669998 -17.100000 60.669998 0.0 0 
0.610865
 1 215 215 p_village_87 Udiniad 2114577 0 0 3 0 0 0 0 0 -127.290001 -76.459999 -127.290001 -76.459999 -127.290001 -76.459999 0.0 0 
2.792527
 1 216 216 p_village_88 Mardecin 2114577 0 0 3 0 0 0 0 0 -77.080002 -119.849998 -77.080002 -119.849998 -77.080002 -119.849998 0.0 0 
3.141593
 1 217 217 p_village_89 Uhhun 2114577 0 0 3 0 0 0 0 0 -53.160000 39.900002 -53.160000 39.900002 -53.160000 39.900002 0.0 0 
0.000000
 1 218 218 p_village_90 Harlon_Bridge 2114577 0 0 3 0 0 0 0 0 19.870001 -73.180000 19.870001 -73.180000 19.870001 -73.180000 0.0 0 
0.698132
 1 219 219 p_village_91 Bhulaban 2114579 0 0 3 0 0 0 0 0 -104.180000 -94.019997 -104.180000 -94.019997 -104.180000 -94.019997 0.0 0 
0.349066
 1 220 220 p_village_92 Bent_Peak_Hold 2114579 0 0 3 0 0 0 0 0 152.190002 -33.419998 152.190002 -33.419998 152.190002 -33.419998 0.0 0 
1.047198
 1 221 221 p_village_93 Remen 2114579 0 0 3 0 0 0 0 0 -15.170000 -103.830002 -15.170000 -103.830002 -15.170000 -103.830002 0.0 0 
0.959931
 1 222 222 p_village_94 Red_Springs_Hold 2114579 0 0 3 0 0 0 0 0 180.320007 -19.209999 180.320007 -19.209999 180.320007 -19.209999 0.0 0 
0.261799
 1 223 223 p_village_95 Tamnuh 2114579 0 0 3 0 0 0 0 0 -25.549999 38.169998 -25.549999 38.169998 -25.549999 38.169998 0.0 0 
0.174533
 1 224 224 p_village_96 Shiagi_Hold 2114579 0 0 3 0 0 0 0 0 181.710007 46.110001 181.710007 46.110001 181.710007 46.110001 0.0 0 
0.610865
 1 225 225 p_village_97 Mainde_Cut_Hold 2114579 0 0 3 0 0 0 0 0 153.449997 -87.639999 153.449997 -87.639999 153.449997 -87.639999 0.0 0 
2.792527
 1 226 226 p_village_98 Bent_Valley_Hold 2114579 0 0 3 0 0 0 0 0 167.389999 23.290001 167.389999 23.290001 167.389999 23.290001 0.0 0 
3.141593
 1 227 227 p_village_99 Emond's_Field 2114579 0 0 3 0 0 0 0 0 -56.299999 -62.180000 -56.299999 -62.180000 -56.299999 -62.180000 0.0 0 
0.000000
 1 228 228 p_village_100 Tallan 2114579 0 0 3 0 0 0 0 0 -33.139999 -90.129997 -33.139999 -90.129997 -33.139999 -90.129997 0.0 0 
0.698132
 1 229 229 p_village_101 Fyall 2114579 0 0 3 0 0 0 0 0 -48.220001 -83.599998 -48.220001 -83.599998 -48.220001 -83.599998 0.0 0 
0.349066
 1 230 230 p_village_102 Inishlin 2114579 0 0 3 0 0 0 0 0 -7.370000 -99.239998 -7.370000 -99.239998 -7.370000 -99.239998 0.0 0 
1.047198
 1 231 231 p_village_103 Willar 2114579 0 0 3 0 0 0 0 0 -32.919998 -104.190002 -32.919998 -104.190002 -32.919998 -104.190002 0.0 0 
0.959931
 1 232 232 p_village_104 Jeramel 2114579 0 0 3 0 0 0 0 0 -54.529999 -100.660004 -54.529999 -100.660004 -54.529999 -100.660004 0.0 0 
0.261799
 1 233 233 p_village_105 Abila 2114579 0 0 3 0 0 0 0 0 -30.290001 -123.379997 -30.290001 -123.379997 -30.290001 -123.379997 0.0 0 
0.174533
 1 234 234 p_village_106 Cold_Peak_Hold 2114579 0 0 3 0 0 0 0 0 181.289993 84.400002 181.289993 84.400002 181.289993 84.400002 0.0 0 
0.610865
 1 235 235 p_village_107 Karindi 2114579 0 0 3 0 0 0 0 0 -113.360001 -112.580002 -113.360001 -112.580002 -113.360001 -112.580002 0.0 0 
2.792527
 1 236 236 p_village_108 Mazen 2114579 0 0 3 0 0 0 0 0 -50.380001 -116.339996 -50.380001 -116.339996 -50.380001 -116.339996 0.0 0 
3.141593
 1 237 237 p_village_109 Nassad 2114579 0 0 3 0 0 0 0 0 -85.629997 -115.330002 -85.629997 -115.330002 -85.629997 -115.330002 0.0 0 
0.000000
 1 238 238 p_village_110 Selean 2114579 0 0 3 0 0 0 0 0 119.949997 10.410000 119.949997 10.410000 119.949997 10.410000 0.0 0 
0.698132
 1 239 239 p_village_111 Legion_Training_Ground 2114577 0 0 3 0 0 0 0 0 46.980000 -91.360001 46.980000 -91.360001 46.980000 -91.360001 0.0 0 
1.745329
 1 240 240 p_village_112 Legion_Supply_Camp 2114577 0 0 3 0 0 0 0 0 47.000000 -74.389999 47.000000 -74.389999 47.000000 -74.389999 0.0 0 
1.919862
 1 241 241 p_village_113 Red_Hand_Training_Ground 2114577 0 0 3 0 0 0 0 0 89.160004 -65.349998 89.160004 -65.349998 89.160004 -65.349998 0.0 0 
2.094395
 1 242 242 p_village_114 Red_Hand_Supply_Camp 2114577 0 0 3 0 0 0 0 0 69.139999 -77.650002 69.139999 -77.650002 69.139999 -77.650002 0.0 0 
2.268928
 1 243 243 p_village_115 Watch_Hill 2114577 0 0 3 0 0 0 0 0 -56.099998 -59.419998 -56.099998 -59.419998 -56.099998 -59.419998 0.0 0 
2.967060
 1 244 244 p_village_116 Devon_Ride 2114577 0 0 3 0 0 0 0 0 -58.599998 -65.610001 -58.599998 -65.610001 -58.599998 -65.610001 0.0 0 
1.745329
 1 245 245 p_village_117 Shoal's_Landing 2114577 0 0 3 0 0 0 0 0 132.559998 -151.089996 132.559998 -151.089996 132.559998 -151.089996 0.0 0 
1.919862
 1 246 246 p_village_118 Larone 2114577 0 0 3 0 0 0 0 0 -94.519997 -109.760002 -94.519997 -109.760002 -94.519997 -109.760002 0.0 0 
2.094395
 1 247 247 p_village_119 Duraban 2114579 0 0 3 0 0 0 0 0 -81.980003 -130.690002 -81.980003 -130.690002 -81.980003 -130.690002 0.0 0 
2.268928
 1 248 248 p_village_120 Whitecloak_Supply_Camp 2114577 0 0 3 0 0 0 0 0 -50.540001 -137.889999 -50.540001 -137.889999 -50.540001 -137.889999 0.0 0 
2.967060
 1 249 249 p_village_121 Smoke_Springs_Hold 2114579 0 0 3 0 0 0 0 0 211.699997 44.970001 211.699997 44.970001 211.699997 44.970001 0.0 0 
1.745329
 1 250 250 p_village_122 Black_Cliffs_Hold 2114579 0 0 3 0 0 0 0 0 236.889999 65.830002 236.889999 65.830002 236.889999 65.830002 0.0 0 
1.919862
 1 251 251 p_village_123 Alqam 2114577 0 0 3 0 0 0 0 0 -254.990005 -22.620001 -254.990005 -22.620001 -254.990005 -22.620001 0.0 0 
2.094395
 1 252 252 p_village_124 Jeranem 2114577 0 0 3 0 0 0 0 0 -251.300003 15.450000 -251.300003 15.450000 -251.300003 15.450000 0.0 0 
2.268928
 1 253 253 p_village_125 Dalenshar 2114577 0 0 3 0 0 0 0 0 -244.880005 -60.820000 -244.880005 -60.820000 -244.880005 -60.820000 0.0 0 
2.967060
 1 254 254 p_village_126 Jianmin 2114579 0 0 3 0 0 0 0 0 -270.239990 -140.440002 -270.239990 -140.440002 -270.239990 -140.440002 0.0 0 
2.967060
 1 255 255 p_village_127 Marendalar 2114577 0 0 3 0 0 0 0 0 -229.910004 -213.089996 -229.910004 -213.089996 -229.910004 -213.089996 0.0 0 
0.610865
 1 256 256 p_village_128 Pujili 2114577 0 0 3 0 0 0 0 0 -252.000000 -278.839996 -252.000000 -278.839996 -252.000000 -278.839996 0.0 0 
2.967060
 1 257 257 p_village_129 Dhai'mon_Camp 2114586 0 0 3 0 0 0 0 0 -221.160004 160.179993 -221.160004 160.179993 -221.160004 160.179993 0.0 0 
2.967060
 1 258 258 p_village_130 Ko'bal_Camp 2114586 0 0 3 0 0 0 0 0 32.320000 138.479996 32.320000 138.479996 32.320000 138.479996 0.0 0 
2.967060
 1 259 259 p_village_131 Ghob'hlin_Camp 2114586 0 0 3 0 0 0 0 0 60.790001 180.289993 60.790001 180.289993 60.790001 180.289993 0.0 0 
1.745329
 1 260 260 p_village_132 Al'ghol_Camp 2114586 0 0 3 0 0 0 0 0 142.779999 161.369995 142.779999 161.369995 142.779999 161.369995 0.0 0 
1.919862
 1 261 261 p_village_133 Sharain 2114586 0 0 3 0 0 0 0 0 262.239990 46.549999 262.239990 46.549999 262.239990 46.549999 0.0 0 
2.094395
 1 262 262 p_village_134 Mosantile 2114577 0 0 3 0 0 0 0 0 270.000000 16.420000 270.000000 16.420000 270.000000 16.420000 0.0 0 
2.268928
 1 263 263 p_village_135 Warunzef 2114577 0 0 3 0 0 0 0 0 244.070007 -13.040000 244.070007 -13.040000 244.070007 -13.040000 0.0 0 
2.967060
 1 264 264 p_village_136 Cempur 2114577 0 0 3 0 0 0 0 0 251.839996 -52.049999 251.839996 -52.049999 251.839996 -52.049999 0.0 0 
2.967060
 1 265 265 p_village_137 Nelaphne 2114577 0 0 3 0 0 0 0 0 235.130005 -85.019997 235.130005 -85.019997 235.130005 -85.019997 0.0 0 
2.967060
 1 266 266 p_village_138 Pyradine 2114577 0 0 3 0 0 0 0 0 260.720001 -184.559998 260.720001 -184.559998 260.720001 -184.559998 0.0 0 
2.967060
 1 267 267 p_village_139 Cindaking_Landing 2114577 0 0 3 0 0 0 0 0 122.239998 -163.029999 122.239998 -163.029999 122.239998 -163.029999 0.0 0 
2.967060
 1 268 268 p_village_140 Quaim_Landing 2114577 0 0 3 0 0 0 0 0 -73.949997 -179.479996 -73.949997 -179.479996 -73.949997 -179.479996 0.0 0 
2.967060
 1 269 269 p_village_141 Tremal'nor 2114577 0 0 3 0 0 0 0 0 -209.860001 -154.320007 -209.860001 -154.320007 -209.860001 -154.320007 0.0 0 
1.745329
 1 270 270 p_village_142 Jafar_Landing 2114577 0 0 3 0 0 0 0 0 -186.710007 -92.199997 -186.710007 -92.199997 -186.710007 -92.199997 0.0 0 
1.919862
 1 271 271 p_village_143 Tremal'sur 2114577 0 0 3 0 0 0 0 0 -183.910004 -166.169998 -183.910004 -166.169998 -183.910004 -166.169998 0.0 0 
2.094395
 1 272 272 p_village_144 Dashar_Landing 2114577 0 0 3 0 0 0 0 0 -144.660004 71.269997 -144.660004 71.269997 -144.660004 71.269997 0.0 0 
2.268928
 1 273 273 p_village_145 Kahzym 2114579 0 0 3 0 0 0 0 0 -73.570000 -295.899994 -73.570000 -295.899994 -73.570000 -295.899994 0.0 0 
2.967060
 1 274 274 p_village_146 Valrek 2114579 0 0 3 0 0 0 0 0 -12.700000 -283.239990 -12.700000 -283.239990 -12.700000 -283.239990 0.0 0 
2.967060
 1 275 275 p_village_147 Boshande 2114579 0 0 3 0 0 0 0 0 99.919998 -299.420013 99.919998 -299.420013 99.919998 -299.420013 0.0 0 
2.967060
 1 276 276 p_village_148 Jareknell 2114577 0 0 3 0 0 0 0 0 28.690001 -299.929993 28.690001 -299.929993 28.690001 -299.929993 0.0 0 
2.967060
 1 277 277 p_village_149 Gruntal 2114577 0 0 3 0 0 0 0 0 51.810001 -276.519989 51.810001 -276.519989 51.810001 -276.519989 0.0 0 
2.967060
 1 278 278 p_village_150 Emardel 2114577 0 0 3 0 0 0 0 0 61.270000 -298.739990 61.270000 -298.739990 61.270000 -298.739990 0.0 0 
2.967060
 1 279 279 p_village_151 Zalmar 2114577 0 0 3 0 0 0 0 0 -139.270004 -34.450001 -139.270004 -34.450001 -139.270004 -34.450001 0.0 0 
1.745329
 1 280 280 p_karindi_gate Ancohima_Waygate 2118698 0 0 3 0 0 0 0 0 -108.050003 -113.910004 -108.050003 -113.910004 -108.050003 -113.910004 0.0 0 
2.705260
 1 281 281 p_tanchico_gate Mainelle_Waygate 2118698 0 0 3 0 0 0 0 0 -140.929993 -83.500000 -140.929993 -83.500000 -140.929993 -83.500000 0.0 0 
2.268928
 1 282 282 p_cairhien_gate Al'cair'rahienallen_Waygate 2118698 0 0 3 0 0 0 0 0 82.559998 -9.960000 82.559998 -9.960000 82.559998 -9.960000 0.0 0 
0.244346
 1 283 283 p_fal_dara_gate Mafal_Dadaranell_Waygate 2118698 0 0 3 0 0 0 0 0 105.779999 92.139999 105.779999 92.139999 105.779999 92.139999 0.0 0 
1.134464
 1 284 284 p_aridhol_gate Aridhol_Waygate 2118698 0 0 3 0 0 0 0 0 -31.170000 -46.180000 -31.170000 -46.180000 -31.170000 -46.180000 0.0 0 
3.054326
 1 285 285 p_new_braem_gate Braem_Waygate 2118698 0 0 3 0 0 0 0 0 35.139999 -43.740002 35.139999 -43.740002 35.139999 -43.740002 0.0 0 
1.972222
 1 286 286 p_caemlyn_gate Hai_Caemlyn_Waygate 2118698 0 0 3 0 0 0 0 0 32.250000 -60.250000 32.250000 -60.250000 32.250000 -60.250000 0.0 0 
0.977384
 1 287 287 p_so_eban_gate Londaren_Cor_Waygate 2118698 0 0 3 0 0 0 0 0 -21.900000 -125.629997 -21.900000 -125.629997 -21.900000 -125.629997 0.0 0 
0.820305
 1 288 288 p_ebou_dar_gate Barashta_Waygate 2118698 0 0 3 0 0 0 0 0 -27.959999 -152.929993 -27.959999 -152.929993 -27.959999 -152.929993 0.0 0 
1.553343
 1 289 289 p_illian_gate Dorelle_Caromon_Waygate 2118698 0 0 3 0 0 0 0 0 18.370001 -152.839996 18.370001 -152.839996 18.370001 -152.839996 0.0 0 
2.862340
 1 290 290 p_far_madding_gate Aren_Mador_Waygate 2118698 0 0 3 0 0 0 0 0 25.650000 -94.220001 25.650000 -94.220001 25.650000 -94.220001 0.0 0 
2.303835
 1 291 291 p_tear_gate Tear_Waygate 2118698 0 0 3 0 0 0 0 0 62.779999 -134.279999 62.779999 -134.279999 62.779999 -134.279999 0.0 0 
1.518436
 1 292 292 p_maradon_gate Deranbar_Waygate 2118698 0 0 3 0 0 0 0 0 -10.960000 70.580002 -10.960000 70.580002 -10.960000 70.580002 0.0 0 
0.837758
 1 293 293 p_emonds_field_gate Manetheren_Waygate 2118698 0 0 3 0 0 0 0 0 -61.310001 -58.650002 -61.310001 -58.650002 -61.310001 -58.650002 0.0 0 
1.588250
 1 294 294 p_south_two_rivers_gate Jara'copan_Waygate 2118698 0 0 3 0 0 0 0 0 -62.869999 -65.419998 -62.869999 -65.419998 -62.869999 -65.419998 0.0 0 
1.832596
 1 295 295 p_jehannah_gate Shanaine_Waygate 2118698 0 0 3 0 0 0 0 0 -57.650002 -89.519997 -57.650002 -89.519997 -57.650002 -89.519997 0.0 0 
2.495821
 1 296 296 p_katar_gate Iman_Waygate 2118698 0 0 3 0 0 0 0 0 -79.589996 -31.870001 -79.589996 -31.870001 -79.589996 -31.870001 0.0 0 
2.897247
 1 297 297 p_tar_valon_gate Tar_Valon_Waygate 2118698 0 0 3 0 0 0 0 0 61.110001 18.950001 61.110001 18.950001 61.110001 18.950001 0.0 0 
0.506145
 1 298 298 p_salt_mine Salt_Mine 2114833 0 0 3 0 0 0 0 0 10.000000 10.000000 10.000000 10.000000 10.000000 10.000000 0.0 0 
0.000000
 1 299 299 p_four_ways_inn Four_Ways_Inn 2114833 0 0 3 0 0 0 0 0 -10.000000 10.000000 -10.000000 10.000000 -10.000000 10.000000 0.0 0 
0.000000
 1 300 300 p_test_scene test_scene 2114833 0 0 3 0 0 0 0 0 10.000000 -10.000000 10.000000 -10.000000 10.000000 -10.000000 0.0 0 
0.000000
 1 301 301 p_battlefields battlefields 2114833 0 0 3 0 0 0 0 0 -10.000000 -10.000000 -10.000000 -10.000000 -10.000000 -10.000000 0.0 0 
0.000000
 1 302 302 p_dhorak_keep Dhorak_Keep 2639118 0 0 3 0 0 0 0 0 15.000000 10.000000 15.000000 10.000000 15.000000 10.000000 0.0 0 
0.000000
 1 303 303 p_training_ground Training_Ground 2114857 0 0 3 0 0 0 0 0 15.000000 15.000000 15.000000 15.000000 15.000000 15.000000 0.0 0 
0.000000
 1 304 304 p_training_ground_1 Training_Field 2118697 0 0 3 0 0 0 0 0 76.650002 43.060001 76.650002 43.060001 76.650002 43.060001 0.0 0 
1.745329
 1 305 305 p_training_ground_2 Training_Field 2118697 0 0 3 0 0 0 0 0 -79.000000 22.830000 -79.000000 22.830000 -79.000000 22.830000 0.0 0 
1.745329
 1 306 306 p_training_ground_3 Training_Field 2118697 0 0 3 0 0 0 0 0 -7.960000 -1.240000 -7.960000 -1.240000 -7.960000 -1.240000 0.0 0 
1.745329
 1 307 307 p_training_ground_4 Training_Field 2118697 0 0 3 0 0 0 0 0 -49.880001 -142.820007 -49.880001 -142.820007 -49.880001 -142.820007 0.0 0 
1.745329
 1 308 308 p_training_ground_5 Training_Field 2118697 0 0 3 0 0 0 0 0 68.199997 -99.419998 68.199997 -99.419998 68.199997 -99.419998 0.0 0 
1.745329
 1 309 309 p_bridge_1 {!}1 541740 0 0 3 0 0 0 0 0 -24.870001 16.870001 -24.870001 16.870001 -24.870001 16.870001 0.0 0 
3.926991
 1 310 310 p_bridge_2 {!}2 541740 0 0 3 0 0 0 0 0 -123.800003 0.680000 -123.800003 0.680000 -123.800003 0.680000 0.0 0 
3.141593
 1 311 311 p_bridge_3 {!}3 541740 0 0 3 0 0 0 0 0 -84.519997 -22.719999 -84.519997 -22.719999 -84.519997 -22.719999 0.0 0 
2.356194
 1 312 312 p_bridge_4 {!}4 541740 0 0 3 0 0 0 0 0 -136.039993 -90.510002 -136.039993 -90.510002 -136.039993 -90.510002 0.0 0 
3.141593
 1 313 313 p_bridge_5 {!}5 541740 0 0 3 0 0 0 0 0 -93.980003 -85.650002 -93.980003 -85.650002 -93.980003 -85.650002 0.0 0 
2.356194
 1 314 314 p_bridge_6 {!}6 541740 0 0 3 0 0 0 0 0 -26.059999 -144.550003 -26.059999 -144.550003 -26.059999 -144.550003 0.0 0 
4.712389
 1 315 315 p_bridge_7 {!}7 541740 0 0 3 0 0 0 0 0 -57.160000 -83.150002 -57.160000 -83.150002 -57.160000 -83.150002 0.0 0 
2.356194
 1 316 316 p_bridge_8 {!}8 541742 0 0 3 0 0 0 0 0 -5.740000 -74.379997 -5.740000 -74.379997 -5.740000 -74.379997 0.0 0 
4.712389
 1 317 317 p_bridge_9 {!}9 541740 0 0 3 0 0 0 0 0 -1.470000 -100.989998 -1.470000 -100.989998 -1.470000 -100.989998 0.0 0 
3.926991
 1 318 318 p_bridge_10 {!}10 541740 0 0 3 0 0 0 0 0 16.370001 -152.229996 16.370001 -152.229996 16.370001 -152.229996 0.0 0 
4.712389
 1 319 319 p_bridge_11 {!}11 541740 0 0 3 0 0 0 0 0 58.509998 -131.369995 58.509998 -131.369995 58.509998 -131.369995 0.0 0 
4.712389
 1 320 320 p_bridge_12 {!}12 541740 0 0 3 0 0 0 0 0 78.900002 -7.030000 78.900002 -7.030000 78.900002 -7.030000 0.0 0 
4.712389
 1 321 321 p_bridge_13 {!}13 541742 0 0 3 0 0 0 0 0 62.349998 22.540001 62.349998 22.540001 62.349998 22.540001 0.0 0 
2.356194
 1 322 322 p_bridge_14 {!}14 541742 0 0 3 0 0 0 0 0 54.759998 20.500000 54.759998 20.500000 54.759998 20.500000 0.0 0 
2.356194
 1 323 323 p_looter_spawn_point {!}looter_sp 1280 0 0 2 0 0 0 0 0 -44.290001 -104.570000 -44.290001 -104.570000 -44.290001 -104.570000 0.0 1 516 15 0 0 
0.000000
 1 324 324 p_steppe_bandit_spawn_point the_steppes 1280 0 0 2 0 0 0 0 0 -111.860001 -109.279999 -111.860001 -109.279999 -111.860001 -109.279999 0.0 1 516 15 0 0 
0.000000
 1 325 325 p_taiga_bandit_spawn_point the_tundra 1280 0 0 2 0 0 0 0 0 -93.139999 19.430000 -93.139999 19.430000 -93.139999 19.430000 0.0 1 516 15 0 0 
0.000000
 1 326 326 p_forest_bandit_spawn_point the_forests 1280 0 0 2 0 0 0 0 0 31.030001 -34.430000 31.030001 -34.430000 31.030001 -34.430000 0.0 1 516 15 0 0 
0.000000
 1 327 327 p_mountain_bandit_spawn_point the_highlands 1280 0 0 2 0 0 0 0 0 8.750000 15.020000 8.750000 15.020000 8.750000 15.020000 0.0 1 516 15 0 0 
0.000000
 1 328 328 p_sea_raider_spawn_point_1 the_coast 1280 0 0 2 0 0 0 0 0 90.330002 -134.000000 90.330002 -134.000000 90.330002 -134.000000 0.0 1 516 15 0 0 
0.000000
 1 329 329 p_sea_raider_spawn_point_2 the_coast 1280 0 0 2 0 0 0 0 0 -50.880001 -146.759995 -50.880001 -146.759995 -50.880001 -146.759995 0.0 1 516 15 0 0 
0.000000
 1 330 330 p_desert_bandit_spawn_point the_deserts 1280 0 0 2 0 0 0 0 0 176.710007 54.900002 176.710007 54.900002 176.710007 54.900002 0.0 1 516 15 0 0 
0.000000
 1 331 331 p_trolloc_spawn_point_1 the_blight 1280 0 0 2 0 0 0 0 0 30.290001 103.330002 30.290001 103.330002 30.290001 103.330002 0.0 1 516 15 0 0 
0.000000
 1 332 332 p_trolloc_spawn_point_2 the_blight 1280 0 0 2 0 0 0 0 0 112.730003 136.539993 112.730003 136.539993 112.730003 136.539993 0.0 1 516 15 0 0 
0.000000
 1 333 333 p_trolloc_spawn_point_3 the_blight 1280 0 0 2 0 0 0 0 0 54.880001 141.320007 54.880001 141.320007 54.880001 141.320007 0.0 1 516 15 0 0 
0.000000
 1 334 334 p_trolloc_spawn_point_4 the_blight 1280 0 0 2 0 0 0 0 0 2.820000 161.830002 2.820000 161.830002 2.820000 161.830002 0.0 1 516 15 0 0 
0.000000
 1 335 335 p_trolloc_spawn_point_5 the_blight 1280 0 0 2 0 0 0 0 0 149.679993 164.759995 149.679993 164.759995 149.679993 164.759995 0.0 1 516 15 0 0 
0.000000
 1 336 336 p_burning_buildings If_you_see_me,_report_the_fire_bug. 2114833 0 0 3 0 0 0 0 0 0.000000 -50.000000 0.000000 -50.000000 0.000000 -50.000000 0.0 0 
2.967060
 1 337 337 p_ship_colisions If_you_see_me,_report_the_colision_bug. 2114833 0 0 3 0 0 0 0 0 0.000000 -50.000000 0.000000 -50.000000 0.000000 -50.000000 0.0 0 
2.967060
 1 338 338 p_terrain_check terrain_check 1280 0 0 3 0 0 0 0 0 0.000000 0.000000 0.000000 0.000000 0.000000 0.000000 0.0 1 516 15 0 0 
0.000000
 1 339 339 p_border_tower_1 Border_Tower 2118699 0 0 3 0 0 0 0 0 -39.480000 66.559998 -39.480000 66.559998 -39.480000 66.559998 0.0 0 
0.628319
 1 340 340 p_border_tower_2 Border_Tower 2118699 0 0 3 0 0 0 0 0 -22.180000 69.650002 -22.180000 69.650002 -22.180000 69.650002 0.0 0 
3.735005
 1 341 341 p_border_tower_3 Border_Tower 2118699 0 0 3 0 0 0 0 0 8.270000 74.099998 8.270000 74.099998 8.270000 74.099998 0.0 0 
0.261799
 1 342 342 p_border_tower_4 Border_Tower 2118699 0 0 3 0 0 0 0 0 30.940001 82.029999 30.940001 82.029999 30.940001 82.029999 0.0 0 
3.159046
 1 343 343 p_border_tower_5 Border_Tower 2118699 0 0 3 0 0 0 0 0 48.450001 74.610001 48.450001 74.610001 48.450001 74.610001 0.0 0 
1.658063
 1 344 344 p_border_tower_6 Border_Tower 2118699 0 0 3 0 0 0 0 0 70.300003 78.070000 70.300003 78.070000 70.300003 78.070000 0.0 0 
5.009095
 1 345 345 p_border_tower_7 Border_Tower 2118699 0 0 3 0 0 0 0 0 90.449997 85.570000 90.449997 85.570000 90.449997 85.570000 0.0 0 
3.211406
 1 346 346 p_border_tower_8 Border_Tower 2118699 0 0 3 0 0 0 0 0 105.709999 105.349998 105.709999 105.349998 105.709999 105.349998 0.0 0 
5.759586
 1 347 347 p_border_tower_9 Border_Tower 2118699 0 0 3 0 0 0 0 0 129.460007 94.470001 129.460007 94.470001 129.460007 94.470001 0.0 0 
2.565634
 1 348 348 p_al_thor_farm Al'Thor_Farm 2118697 0 0 3 0 0 0 0 0 -59.169998 -62.540001 -59.169998 -62.540001 -59.169998 -62.540001 0.0 0 
0.436332
 1 349 349 p_spawn_points_end {!}last_spawn_point 1280 0 0 1 0 0 0 0 0 0.000000 0.000000 0.000000 0.000000 0.000000 0.000000 0.0 1 516 15 0 0 
0.000000
 1 350 350 p_reserved_1 {!}last_spawn_point 1280 0 0 1 0 0 0 0 0 0.000000 0.000000 0.000000 0.000000 0.000000 0.000000 0.0 1 516 15 0 0 
0.000000
 1 351 351 p_reserved_2 {!}last_spawn_point 1280 0 0 1 0 0 0 0 0 0.000000 0.000000 0.000000 0.000000 0.000000 0.000000 0.0 1 516 15 0 0 
0.000000
 1 352 352 p_reserved_3 {!}last_spawn_point 1280 0 0 1 0 0 0 0 0 0.000000 0.000000 0.000000 0.000000 0.000000 0.000000 0.0 1 516 15 0 0 
0.000000
 1 353 353 p_reserved_4 {!}last_spawn_point 1280 0 0 1 0 0 0 0 0 0.000000 0.000000 0.000000 0.000000 0.000000 0.000000 0.0 1 516 15 0 0 
0.000000
 1 354 354 p_reserved_5 {!}last_spawn_point 1280 0 0 1 0 0 0 0 0 0.000000 0.000000 0.000000 0.000000 0.000000 0.000000 0.0 1 516 15 0 0 
0.000000
