0
0
0
0
0
0
0
0
0
0
0
0
0
0
0
0
0
0
0
0
0
0
0
0
0
0
0
0
0
0
0
0
0
0
0
0
0
0
0
0
0
0
0
0
0
0
0
0
0
0
0
0
0
0
0
0
0
0
0
0
0
0
0
0
0
0
0
0
0
0
0
0
0
0
0
0
0
0
0
0
0
0
0
0
0
0
0
0
0
0
0
0
0
0
0
0
0
0
0
0
5
1
5
3
2
1
1
1
5
5
6
5
6
5
22
2377
11
405
132
44
59
110
6
1
15
30
12
9
1
2
1
2
1
1
7
227
34
33
1
6
9
50
1
1
2
19
65
11
12
68
10
56
144
6
5
4
5
1
1
31
14
14
24
6
1
1
8
1
12
4
1
5
3
9
3
12
2
5
14
1
3
2
3
3
3
1
1
10
1
2
4
14
3
7
47
1
42
1
17
5
6
1
17
1
4
2
4
1
178
2
2
16
17
10
10
10
5
5
1
25
2
1
10
3
17
1
5
4
4
4
9
3
8
2
2
9
14
6
238
1
4
1
3
1
1
1
1
4
1
5
3
3
3
3
3
34
1
1
3
5
2
2
1
5
1
2
3
3
3
22
16
3
1
1
1
2
2
2
8
2
1
1
1
1
44
2
4
2
1
2
85
420
1
0
0
5
44
25
0
33
41
21
12
3
17
5
2
18
40
5
1
15
6
11
9
3
61
37
5
18
36
60
4
1
3
2
1
54
1
8
1
1
1
2
3
2
1
2
5
6
6
639
11
25
2
21
2
2
3
1
11
3
1
12
1
1
4
6
3
2
2
1
2
1
6
1
1
2
8
4
1
2
8
11
6
5
2
1
10
2
4
4
1
4
3
2
16
4
4
4
4
4
1
8
3
6
1
1
1
5
4
812
1
1
11
1
1
2
12
2
13
21
4
61
3
912
2
1
1
1
12
1
1
1
1
22
20
10
3
3
32
14
32
10
2
2
9
9
3
8
10
3
6
1
7
1
1
1
1
1
1
2
5
2
2
0
12
1
1
1
1
1
1
1
1
1
5
0
24
2
2
2
2
2
1
0
13
1
1
1
1
1
1
1
0
8
1
1
1
1
1
1
0
10
8
291
8
16
8
2
1
1
20
1
1
2
2
1
1
1
8
12
37
35
8
4
35
9
6
11
2
1
1
9
3
12
10
12
11
11
11
11
12
12
12
12
6
6
6
1
1
1
1
1
1
1
1
1
2
3
2
4
3
3
3
3
3
3
5
5
4
4
3
3
3
3
3
3
3
8
6
9
3
3
3
10
3
3
3
3
3
3
3
3
3
3
3
3
3
11
3
3
3
3
33
6
6
2
3
6
2
6
2
3
2
1
1
3
14
4
6
2
6
2
6
2
6
2
6
2
6
2
6
2
6
2
6
2
3
3
1
1
1
1
7
5
4
4
1
1
1
1
1
39
23
6
3
1
4
1
1
4
4
18
12
13
7
5
4
1
3
2
3
3
3
4
4
6
4
4
4
3
3
1
3
4
3
14
3
3
3
3
3
3
1
2
3
3
2
2
4
1
3
2
2
3
3
2
2
1
3
3
25
16
5
3
3
3
2
2
2
2
2
2
2
3
3
2
2
2
2
2
2
3
3
2
2
2
2
3
3
2
2
2
2
3
3
2
2
2
2
3
3
2
2
15
2
4
3
3
1
2
2
1
6
6
6
6
6
6
6
6
6
36
36
36
36
36
36
36
36
36
2
37
28
7
11
11
11
37
27
7
11
11
11
37
25
7
11
11
11
37
25
7
11
11
11
37
25
7
11
11
11
37
25
7
11
11
11
37
25
7
11
11
11
37
25
7
11
11
11
37
25
7
11
11
11
22
23
23
20
17
15
14
17
2
2
10
4
4
4
4
3
3
3
3
3
3
3
3
3
3
3
3
5
5
6
5
5
4
4
4
11
10
9
7
5
5
5
5
6
6
6
5
3
3
2
2
0
0
2
0
10
2
1
2
13
3
33
14
21
21
3
3
10
7
20
20
26
26
18
8
6
6
6
6
5
22
9
4
4
12
11
11
21
156
42
4
11
2
9
18
0
35
32
2
2
1
8
9
10
9
27
17
5
3
8
2
1
1
1
1
2
4
1
3
1
3
6
2
11
2
2
2
3
3
4
1
3
3
6
2
2
2
17
13
3
3
4
3
1
5
5
4
1
2
6
1
4
2
2
13
1
2
2
2
1
1
4
4
7
34
1
2
28
2
4
1
2
1
1
1
36
29
146
38
2
1
1
2
2
22
9
11
11
8
2
2
2
2
1
16
5
1
6
20
11
1
2
10
10
9
9
8
4
8
10
6
7
3
1
2
1
1
2
1
21
27
9
12
2
2
3
2
3
0
12
5
5
2
2
1
1
2
5
17
16
4
9
11
4
1
2
2
13
10
12
6
7
2
11
11
28
28
27
28
28
27
14
7
14
7
14
7
11
7
14
7
14
7
9
2
9
2
7
4
7
5
8
35
6
5
3
3
1
1
1
1
1
1
1
1
1
1
1
1
1
2
1
1
1
1
4
1
1
1
2
1
0
2
0
18
1
0
41
1
0
6
6
6
6
6
6
8
2
3
15
0
3
6
10
5
7
1
3
1
1
1
1
1
1
1
1
1
1
2
3
4
141
20
2
3
8
14
1
44
17
1
1
4
3
6
4
1
0
3
3
15
5
2
10
2
1
4
4
6
23
38
14
9
2
15
8
0
0
0
0
0
24
36
24
1
3
1
6
1
5
1
6
16
16
11
9
3
6
6
3
3
4
5
3
3
1
4
9
1
6
6
8
1
8
2
1
2
1
2
1
3
41
41
5
3
3
3
10
3
387
503
2
74
221
66
24
48
36
36
12
12
12
24
1
3
1
2
20
2
61
61
61
61
13
13
26
14
14
35
1055
1
2
16
0
22
1
1
24
2
0
59
638
5
29
3
63
0
23
23
23
23
23
448
165
165
165
165
165
165
165
165
165
165
165
165
165
165
165
165
165
165
165
165
273
273
273
273
273
273
273
273
273
273
273
273
273
273
273
273
273
273
273
273
484
89
73
22
28
3
3
28
1
1
1
1
2
2
3
7
0
0
1
1
1
16
16
16
16
16
16
16
16
16
16
16
16
16
16
7
7
7
7
7
1
1
3
3
3
1
1
1
1
16
16
16
16
16
16
16
16
16
16
16
16
16
16
7
7
7
7
7
1
1
3
3
3
1
1
1
1
16
16
16
16
16
16
16
16
16
16
16
16
16
16
7
7
7
7
7
18
2
1
2
1
2
1
2
1
2
1
2
1
2
1
2
1
2
1
2
1
2
1
2
1
2
1
2
1
2
1
2
1
2
1
2
1
2
1
2
1
2
